tamanho do vetor -> 1000
499500 251581
499500 251581
499500 251581
499500 251581
499500 251581
499500 251581
499500 251581
499500 251581
499500 251581
499500 251581
Medias = 499500.000000 251581.000000
tamanho do vetor -> 2000
1999000 1012940
1999000 1012940
1999000 1012940
1999000 1012940
1999000 1012940
1999000 1012940
1999000 1012940
1999000 1012940
1999000 1012940
1999000 1012940
Medias = 2498500.000000 1264521.000000
tamanho do vetor -> 3000
4498500 2254509
4498500 2254509
4498500 2254509
4498500 2254509
4498500 2254509
4498500 2254509
4498500 2254509
4498500 2254509
4498500 2254509
4498500 2254509
Medias = 6997000.000000 3519030.000000
tamanho do vetor -> 4000
7998000 4033771
7998000 4033771
7998000 4033771
7998000 4033771
7998000 4033771
7998000 4033771
7998000 4039375
7998000 4039375
7998000 4039375
7998000 4039375
Medias = 14995000.000000 7555042.600000
tamanho do vetor -> 5000
12497500 6197383
12497500 6197383
12497500 6197383
12497500 6197383
12497500 6197383
12497500 6197383
12497500 6197383
12497500 6197383
12497500 6197383
12497500 6229635
Medias = 27492500.000000 13755650.800000
tamanho do vetor -> 6000
17997000 8953072
17997000 8953072
17997000 8953072
17997000 8953072
17997000 8953072
17997000 8953072
17997000 8953072
17997000 8953072
17997000 8982127
17997000 8982127
Medias = 45489500.000000 22714533.800000
tamanho do vetor -> 7000
24496500 12300664
24496500 12300664
24496500 12300664
24496500 12300664
24496500 12329091
24496500 12329091
24496500 12329091
24496500 12329091
24496500 12329091
24496500 12329091
Medias = 69986000.000000 35032254.000000
tamanho do vetor -> 8000
31996000 16147320
31996000 16147320
31996000 16147320
31996000 16147320
31996000 16099906
31996000 16099906
31996000 16099906
31996000 16099906
31996000 15998150
31996000 15998150
Medias = 101982000.000000 51130774.400000
tamanho do vetor -> 9000
40495500 20269658
40495500 20269658
40495500 20195821
40495500 20195821
40495500 20195821
40495500 20155253
40495500 20155253
40495500 20155253
40495500 20155253
40495500 20337303
Medias = 142477500.000000 71339283.800000
tamanho do vetor -> 10000
49995000 25006675
49995000 25006675
49995000 24988068
49995000 24988068
49995000 25180100
49995000 25180100
49995000 25180100
49995000 24869281
49995000 24869281
49995000 24869281
Medias = 192472500.000000 96353046.700000
tamanho do vetor -> 11000
60494500 30192475
60494500 30192475
60494500 30221129
60494500 30221129
60494500 30358826
60494500 30358826
60494500 30212959
60494500 30212959
60494500 30669118
60494500 30669118
Medias = 252967000.000000 126683948.100000
tamanho do vetor -> 12000
71994000 36423021
71994000 36080641
71994000 35905506
71994000 35905506
71994000 36158118
71994000 36158118
71994000 35909499
71994000 35909499
71994000 36119004
71994000 36119004
Medias = 324961000.000000 162752739.700000
tamanho do vetor -> 13000
84493500 41729543
84493500 42086539
84493500 42086539
84493500 42210756
84493500 42392061
84493500 42392061
84493500 42213446
84493500 42130200
84493500 42130200
84493500 42186122
Medias = 409454500.000000 204908486.400000
tamanho do vetor -> 14000
97993000 49320780
97993000 49320780
97993000 49291804
97993000 49078224
97993000 49017869
97993000 49017869
97993000 48723467
97993000 49316589
97993000 48750092
97993000 48750092
Medias = 507447500.000000 253967243.000000
tamanho do vetor -> 15000
112492500 56328000
112492500 56117584
112492500 56105313
112492500 56426530
112492500 55732954
112492500 56195803
112492500 56195803
112492500 56290342
112492500 56254543
112492500 56078913
Medias = 619940000.000000 310139821.500000
tamanho do vetor -> 16000
127992000 64294849
127992000 64086345
127992000 64130121
127992000 64118061
127992000 63730724
127992000 64004844
127992000 63942712
127992000 64354548
127992000 63726847
127992000 63590773
Medias = 747932000.000000 374137803.900000
tamanho do vetor -> 17000
144491500 71625269
144491500 71904236
144491500 72334145
144491500 72031738
144491500 71994806
144491500 72184967
144491500 72041662
144491500 72560566
144491500 72154679
144491500 72625121
Medias = 892423500.000000 446283522.800000
tamanho do vetor -> 18000
161991000 81017660
161991000 80530060
161991000 80495920
161991000 80644322
161991000 80909564
161991000 80746448
161991000 80572040
161991000 81123872
161991000 80681897
161991000 81982040
Medias = 1054414500.000000 527153905.100000
tamanho do vetor -> 19000
180490500 89876658
180490500 90534921
180490500 90393836
180490500 90208104
180490500 89999960
180490500 89949511
180490500 90204514
180490500 90594408
180490500 89834947
180490500 89908780
Medias = 1234905000.000000 617304469.000000
tamanho do vetor -> 20000
199990000 99881675
199990000 100128528
199990000 99886366
199990000 100221337
199990000 100568556
199990000 100009760
199990000 99591892
199990000 99861495
199990000 99513939
199990000 99981119
Medias = 1434895000.000000 717268935.700000
tamanho do vetor -> 21000
220489500 109902826
220489500 109460883
220489500 110045127
220489500 109571460
220489500 109839905
220489500 110012688
220489500 110101366
220489500 110497208
220489500 109739803
220489500 109969696
Medias = 1655384500.000000 827183031.900000
tamanho do vetor -> 22000
241989000 120206322
241989000 121300113
241989000 121093938
241989000 121003914
241989000 120810619
241989000 120499166
241989000 120728019
241989000 120274630
241989000 120654072
241989000 120310327
Medias = 1897373500.000000 947871143.900000
tamanho do vetor -> 23000
264488500 133661887
264488500 132563898
264488500 132170763
264488500 131434333
264488500 131510614
264488500 132090454
264488500 132289456
264488500 131397625
264488500 131571370
264488500 131427649
Medias = 2161862000.000000 1079882948.800000
tamanho do vetor -> 24000
287988000 143122845
287988000 144248407
287988000 144443535
287988000 142706723
287988000 143813157
287988000 143026546
287988000 143639047
287988000 143096594
287988000 143974389
287988000 144616077
Medias = 2449850000.000000 1223551680.800000
tamanho do vetor -> 25000
312487500 155920336
312487500 155086495
312487500 156283723
312487500 155284828
312487500 156244831
312487500 155883066
312487500 155383190
312487500 155160203
312487500 154788169
312487500 157335783
Medias = 2762337500.000000 1379288743.200000
tamanho do vetor -> 26000
337987000 168097480
337987000 169598522
337987000 168356154
337987000 169161095
337987000 168469461
337987000 168792293
337987000 168687048
337987000 168896871
337987000 169108119
337987000 168228649
Medias = 3100324500.000000 1548028312.400000
tamanho do vetor -> 27000
364486500 182011816
364486500 181928814
364486500 182166410
364486500 182496883
364486500 181431217
364486500 180390865
364486500 182593438
364486500 181357893
364486500 182920353
364486500 182508674
Medias = 3464811000.000000 1730008948.700000
tamanho do vetor -> 28000
391986000 196773568
391986000 195905488
391986000 196220488
391986000 195097316
391986000 194697851
391986000 196200575
391986000 195530967
391986000 196760538
391986000 196059030
391986000 196563834
Medias = 3856797000.000000 1925989914.200000
tamanho do vetor -> 29000
420485500 210351374
420485500 211597294
420485500 210569174
420485500 210455588
420485500 209909458
420485500 209883097
420485500 209293037
420485500 208405917
420485500 210261689
420485500 211148613
Medias = 4277282500.000000 2136177438.300000
tamanho do vetor -> 30000
449985000 225124605
449985000 225172051
449985000 226052905
449985000 224108021
449985000 225434751
449985000 224619524
449985000 223834448
449985000 224138341
449985000 223133680
449985000 223570197
Medias = 4727267500.000000 2360696290.600000
tamanho do vetor -> 31000
480484500 238933953
480484500 240645377
480484500 240258816
480484500 239401578
480484500 239718402
480484500 239316088
480484500 239973705
480484500 239803015
480484500 238403925
480484500 239448231
Medias = 5207752000.000000 2600286599.600000
tamanho do vetor -> 32000
511984000 257305954
511984000 255768196
511984000 257496360
511984000 254639239
511984000 254563793
511984000 256876743
511984000 255055259
511984000 254999891
511984000 257154799
511984000 254899371
Medias = 5719736000.000000 2856162560.100000
tamanho do vetor -> 33000
544483500 271846676
544483500 271371995
544483500 270005859
544483500 272874785
544483500 272122195
544483500 271110503
544483500 273695201
544483500 272630348
544483500 272516498
544483500 271500354
Medias = 6264219500.000000 3128130001.500000
tamanho do vetor -> 34000
577983000 286951925
577983000 287104430
577983000 289734930
577983000 289955535
577983000 288384665
577983000 288045057
577983000 287558087
577983000 290462035
577983000 288301049
577983000 287062498
Medias = 6842202500.000000 3416486022.600000
tamanho do vetor -> 35000
612482500 306274150
612482500 304911711
612482500 306498623
612482500 306480409
612482500 305160918
612482500 304578506
612482500 304358767
612482500 305087524
612482500 308220120
612482500 306052858
Medias = 7454685000.000000 3722248381.200000
tamanho do vetor -> 36000
647982000 323693207
647982000 323807742
647982000 323706924
647982000 326588498
647982000 326540983
647982000 322854819
647982000 322185740
647982000 324359245
647982000 323015241
647982000 324213703
Medias = 8102667000.000000 4046344991.400000
tamanho do vetor -> 37000
684481500 343486485
684481500 341601647
684481500 340927901
684481500 344191222
684481500 341856554
684481500 342886254
684481500 340448213
684481500 341650043
684481500 342285278
684481500 344544560
Medias = 8787148500.000000 4388732807.100000
tamanho do vetor -> 38000
721981000 361141053
721981000 362635551
721981000 360221989
721981000 359856767
721981000 357332982
721981000 358811735
721981000 361353765
721981000 360709851
721981000 359292467
721981000 361022637
Medias = 9509129500.000000 4748970686.800000
tamanho do vetor -> 39000
760480500 380224131
760480500 378572926
760480500 380490992
760480500 381916479
760480500 379235976
760480500 379855875
760480500 378469081
760480500 380241055
760480500 380851683
760480500 378398777
Medias = 10269610000.000000 5128796384.300000
tamanho do vetor -> 40000
799980000 399738667
799980000 399953191
799980000 401797731
799980000 399503988
799980000 398837938
799980000 399085155
799980000 400690959
799980000 401021962
799980000 398635898
799980000 397766890
Medias = 11069590000.000000 5528499622.200000
tamanho do vetor -> 41000
840479500 417814967
840479500 419573525
840479500 419747641
840479500 417135527
840479500 419858897
840479500 419919476
840479500 422378533
840479500 418258831
840479500 420622219
840479500 420076555
Medias = 11910069500.000000 5948038239.300000
tamanho do vetor -> 42000
881979000 439349464
881979000 441421555
881979000 438417342
881979000 439783662
881979000 442823983
881979000 441821474
881979000 439691989
881979000 441437519
881979000 440904345
881979000 440118738
Medias = 12792048500.000000 6388615246.400000
tamanho do vetor -> 43000
924478500 463043775
924478500 461141926
924478500 461411759
924478500 462628052
924478500 461496012
924478500 462460631
924478500 462434736
924478500 462100258
924478500 458007387
924478500 462772041
Medias = 13716527000.000000 6850364904.100000
tamanho do vetor -> 44000
967978000 482875554
967978000 482941725
967978000 481714110
967978000 485366241
967978000 485573142
967978000 485091932
967978000 484711545
967978000 483333362
967978000 485274825
967978000 483768830
Medias = 14684505000.000000 7334430030.700000
tamanho do vetor -> 45000
1012477500 506298472
1012477500 504273445
1012477500 506216048
1012477500 505550091
1012477500 505152916
1012477500 504298603
1012477500 507057275
1012477500 504632463
1012477500 506161399
1012477500 503992906
Medias = 15696982500.000000 7839793392.500000
tamanho do vetor -> 46000
1057977000 527885443
1057977000 527306328
1057977000 527568232
1057977000 527265831
1057977000 527308794
1057977000 526412068
1057977000 527307477
1057977000 530104937
1057977000 529255167
1057977000 525918531
Medias = 16754959500.000000 8367426673.300000
tamanho do vetor -> 47000
1104476500 552467699
1104476500 551998304
1104476500 549259051
1104476500 550455246
1104476500 552473929
1104476500 553927349
1104476500 552552582
1104476500 555314190
1104476500 552899211
1104476500 548768020
Medias = 17859436000.000000 8919438231.400000
tamanho do vetor -> 48000
1151976000 575952677
1151976000 579492386
1151976000 573056487
1151976000 574161644
1151976000 574085937
1151976000 575411786
1151976000 575202072
1151976000 580114705
1151976000 577038166
1151976000 574827627
Medias = 19011412000.000000 9495372580.100000
tamanho do vetor -> 49000
1200475500 602083075
1200475500 598119153
1200475500 599832860
1200475500 600483870
1200475500 596750642
1200475500 597585243
1200475500 599429225
1200475500 600000967
1200475500 597316665
1200475500 601944843
Medias = 20211887500.000000 10094727234.400000
tamanho do vetor -> 50000
1249975000 627070275
1249975000 621325012
1249975000 623939660
1249975000 623284714
1249975000 625142876
1249975000 624220981
1249975000 621617579
1249975000 622806938
1249975000 623262036
1249975000 625056517
Medias = 21461862500.000000 10718499893.200000
