tamanho do vetor -> 1000
499500 999
499500 999
499500 999
499500 999
499500 999
499500 999
499500 999
499500 999
499500 999
499500 999
Medias = -nan 999.000000
tamanho do vetor -> 2000
1999000 1999
1999000 1999
1999000 1999
1999000 1999
1999000 1999
1999000 1999
1999000 1999
1999000 1999
1999000 1999
1999000 1999
Medias = -nan 2998.000000
tamanho do vetor -> 3000
4498500 2999
4498500 2999
4498500 2999
4498500 2999
4498500 2999
4498500 2999
4498500 2999
4498500 2999
4498500 2999
4498500 2999
Medias = -nan 5997.000000
tamanho do vetor -> 4000
7998000 3999
7998000 3999
7998000 3999
7998000 3999
7998000 3999
7998000 3999
7998000 3999
7998000 3999
7998000 3999
7998000 3999
Medias = -nan 9996.000000
tamanho do vetor -> 5000
12497500 4999
12497500 4999
12497500 4999
12497500 4999
12497500 4999
12497500 4999
12497500 4999
12497500 4999
12497500 4999
12497500 4999
Medias = -nan 14995.000000
tamanho do vetor -> 6000
17997000 5999
17997000 5999
17997000 5999
17997000 5999
17997000 5999
17997000 5999
17997000 5999
17997000 5999
17997000 5999
17997000 5999
Medias = -nan 20994.000000
tamanho do vetor -> 7000
24496500 6999
24496500 6999
24496500 6999
24496500 6999
24496500 6999
24496500 6999
24496500 6999
24496500 6999
24496500 6999
24496500 6999
Medias = -nan 27993.000000
tamanho do vetor -> 8000
31996000 7999
31996000 7999
31996000 7999
31996000 7999
31996000 7999
31996000 7999
31996000 7999
31996000 7999
31996000 7999
31996000 7999
Medias = -nan 35992.000000
tamanho do vetor -> 9000
40495500 8999
40495500 8999
40495500 8999
40495500 8999
40495500 8999
40495500 8999
40495500 8999
40495500 8999
40495500 8999
40495500 8999
Medias = -nan 44991.000000
tamanho do vetor -> 10000
49995000 9999
49995000 9999
49995000 9999
49995000 9999
49995000 9999
49995000 9999
49995000 9999
49995000 9999
49995000 9999
49995000 9999
Medias = -nan 54990.000000
tamanho do vetor -> 11000
60494500 10999
60494500 10999
60494500 10999
60494500 10999
60494500 10999
60494500 10999
60494500 10999
60494500 10999
60494500 10999
60494500 10999
Medias = -nan 65989.000000
tamanho do vetor -> 12000
71994000 11999
71994000 11999
71994000 11999
71994000 11999
71994000 11999
71994000 11999
71994000 11999
71994000 11999
71994000 11999
71994000 11999
Medias = -nan 77988.000000
tamanho do vetor -> 13000
84493500 12999
84493500 12999
84493500 12999
84493500 12999
84493500 12999
84493500 12999
84493500 12999
84493500 12999
84493500 12999
84493500 12999
Medias = -nan 90987.000000
tamanho do vetor -> 14000
97993000 13999
97993000 13999
97993000 13999
97993000 13999
97993000 13999
97993000 13999
97993000 13999
97993000 13999
97993000 13999
97993000 13999
Medias = -nan 104986.000000
tamanho do vetor -> 15000
112492500 14999
112492500 14999
112492500 14999
112492500 14999
112492500 14999
112492500 14999
112492500 14999
112492500 14999
112492500 14999
112492500 14999
Medias = -nan 119985.000000
tamanho do vetor -> 16000
127992000 15999
127992000 15999
127992000 15999
127992000 15999
127992000 15999
127992000 15999
127992000 15999
127992000 15999
127992000 15999
127992000 15999
Medias = -nan 135984.000000
tamanho do vetor -> 17000
144491500 16999
144491500 16999
144491500 16999
144491500 16999
144491500 16999
144491500 16999
144491500 16999
144491500 16999
144491500 16999
144491500 16999
Medias = -nan 152983.000000
tamanho do vetor -> 18000
161991000 17999
161991000 17999
161991000 17999
161991000 17999
161991000 17999
161991000 17999
161991000 17999
161991000 17999
161991000 17999
161991000 17999
Medias = -nan 170982.000000
tamanho do vetor -> 19000
180490500 18999
180490500 18999
180490500 18999
180490500 18999
180490500 18999
180490500 18999
180490500 18999
180490500 18999
180490500 18999
180490500 18999
Medias = -nan 189981.000000
tamanho do vetor -> 20000
199990000 19999
199990000 19999
199990000 19999
199990000 19999
199990000 19999
199990000 19999
199990000 19999
199990000 19999
199990000 19999
199990000 19999
Medias = -nan 209980.000000
tamanho do vetor -> 21000
220489500 20999
220489500 20999
220489500 20999
220489500 20999
220489500 20999
220489500 20999
220489500 20999
220489500 20999
220489500 20999
220489500 20999
Medias = -nan 230979.000000
tamanho do vetor -> 22000
241989000 21999
241989000 21999
241989000 21999
241989000 21999
241989000 21999
241989000 21999
241989000 21999
241989000 21999
241989000 21999
241989000 21999
Medias = -nan 252978.000000
tamanho do vetor -> 23000
264488500 22999
264488500 22999
264488500 22999
264488500 22999
264488500 22999
264488500 22999
264488500 22999
264488500 22999
264488500 22999
264488500 22999
Medias = -nan 275977.000000
tamanho do vetor -> 24000
287988000 23999
287988000 23999
287988000 23999
287988000 23999
287988000 23999
287988000 23999
287988000 23999
287988000 23999
287988000 23999
287988000 23999
Medias = -nan 299976.000000
tamanho do vetor -> 25000
312487500 24999
312487500 24999
312487500 24999
312487500 24999
312487500 24999
312487500 24999
312487500 24999
312487500 24999
312487500 24999
312487500 24999
Medias = -nan 324975.000000
tamanho do vetor -> 26000
337987000 25999
337987000 25999
337987000 25999
337987000 25999
337987000 25999
337987000 25999
337987000 25999
337987000 25999
337987000 25999
337987000 25999
Medias = -nan 350974.000000
tamanho do vetor -> 27000
364486500 26999
364486500 26999
364486500 26999
364486500 26999
364486500 26999
364486500 26999
364486500 26999
364486500 26999
364486500 26999
364486500 26999
Medias = -nan 377973.000000
tamanho do vetor -> 28000
391986000 27999
391986000 27999
391986000 27999
391986000 27999
391986000 27999
391986000 27999
391986000 27999
391986000 27999
391986000 27999
391986000 27999
Medias = -nan 405972.000000
tamanho do vetor -> 29000
420485500 28999
420485500 28999
420485500 28999
420485500 28999
420485500 28999
420485500 28999
420485500 28999
420485500 28999
420485500 28999
420485500 28999
Medias = -nan 434971.000000
tamanho do vetor -> 30000
449985000 29999
449985000 29999
449985000 29999
449985000 29999
449985000 29999
449985000 29999
449985000 29999
449985000 29999
449985000 29999
449985000 29999
Medias = -nan 464970.000000
tamanho do vetor -> 31000
480484500 30999
480484500 30999
480484500 30999
480484500 30999
480484500 30999
480484500 30999
480484500 30999
480484500 30999
480484500 30999
480484500 30999
Medias = -nan 495969.000000
tamanho do vetor -> 32000
511984000 31999
511984000 31999
511984000 31999
511984000 31999
511984000 31999
511984000 31999
511984000 31999
511984000 31999
511984000 31999
511984000 31999
Medias = -nan 527968.000000
tamanho do vetor -> 33000
544483500 32999
544483500 32999
544483500 32999
544483500 32999
544483500 32999
544483500 32999
544483500 32999
544483500 32999
544483500 32999
544483500 32999
Medias = -nan 560967.000000
tamanho do vetor -> 34000
577983000 33999
577983000 33999
577983000 33999
577983000 33999
577983000 33999
577983000 33999
577983000 33999
577983000 33999
577983000 33999
577983000 33999
Medias = -nan 594966.000000
tamanho do vetor -> 35000
612482500 34999
612482500 34999
612482500 34999
612482500 34999
612482500 34999
612482500 34999
612482500 34999
612482500 34999
612482500 34999
612482500 34999
Medias = -nan 629965.000000
tamanho do vetor -> 36000
647982000 35999
647982000 35999
647982000 35999
647982000 35999
647982000 35999
647982000 35999
647982000 35999
647982000 35999
647982000 35999
647982000 35999
Medias = -nan 665964.000000
tamanho do vetor -> 37000
684481500 36999
684481500 36999
684481500 36999
684481500 36999
684481500 36999
684481500 36999
684481500 36999
684481500 36999
684481500 36999
684481500 36999
Medias = -nan 702963.000000
tamanho do vetor -> 38000
721981000 37999
721981000 37999
721981000 37999
721981000 37999
721981000 37999
721981000 37999
721981000 37999
721981000 37999
721981000 37999
721981000 37999
Medias = -nan 740962.000000
tamanho do vetor -> 39000
760480500 38999
760480500 38999
760480500 38999
760480500 38999
760480500 38999
760480500 38999
760480500 38999
760480500 38999
760480500 38999
760480500 38999
Medias = -nan 779961.000000
tamanho do vetor -> 40000
799980000 39999
799980000 39999
799980000 39999
799980000 39999
799980000 39999
799980000 39999
799980000 39999
799980000 39999
799980000 39999
799980000 39999
Medias = -nan 819960.000000
tamanho do vetor -> 41000
840479500 40999
840479500 40999
840479500 40999
840479500 40999
840479500 40999
840479500 40999
840479500 40999
840479500 40999
840479500 40999
840479500 40999
Medias = -nan 860959.000000
tamanho do vetor -> 42000
881979000 41999
881979000 41999
881979000 41999
881979000 41999
881979000 41999
881979000 41999
881979000 41999
881979000 41999
881979000 41999
881979000 41999
Medias = -nan 902958.000000
tamanho do vetor -> 43000
924478500 42999
924478500 42999
924478500 42999
924478500 42999
924478500 42999
924478500 42999
924478500 42999
924478500 42999
924478500 42999
924478500 42999
Medias = -nan 945957.000000
tamanho do vetor -> 44000
967978000 43999
967978000 43999
967978000 43999
967978000 43999
967978000 43999
967978000 43999
967978000 43999
967978000 43999
967978000 43999
967978000 43999
Medias = -nan 989956.000000
tamanho do vetor -> 45000
1012477500 44999
1012477500 44999
1012477500 44999
1012477500 44999
1012477500 44999
1012477500 44999
1012477500 44999
1012477500 44999
1012477500 44999
1012477500 44999
Medias = -nan 1034955.000000
tamanho do vetor -> 46000
1057977000 45999
1057977000 45999
1057977000 45999
1057977000 45999
1057977000 45999
1057977000 45999
1057977000 45999
1057977000 45999
1057977000 45999
1057977000 45999
Medias = -nan 1080954.000000
tamanho do vetor -> 47000
1104476500 46999
1104476500 46999
1104476500 46999
1104476500 46999
1104476500 46999
1104476500 46999
1104476500 46999
1104476500 46999
1104476500 46999
1104476500 46999
Medias = -nan 1127953.000000
tamanho do vetor -> 48000
1151976000 47999
1151976000 47999
1151976000 47999
1151976000 47999
1151976000 47999
1151976000 47999
1151976000 47999
1151976000 47999
1151976000 47999
1151976000 47999
Medias = -nan 1175952.000000
tamanho do vetor -> 49000
1200475500 48999
1200475500 48999
1200475500 48999
1200475500 48999
1200475500 48999
1200475500 48999
1200475500 48999
1200475500 48999
1200475500 48999
1200475500 48999
Medias = -nan 1224951.000000
tamanho do vetor -> 50000
1249975000 49999
1249975000 49999
1249975000 49999
1249975000 49999
1249975000 49999
1249975000 49999
1249975000 49999
1249975000 49999
1249975000 49999
1249975000 49999
Medias = -nan 1274950.000000
