tamanho do vetor -> 1000
257529 256530
257529 256530
257529 256530
257529 256530
257529 256530
257529 256530
257529 256530
257529 256530
257529 256530
257529 256530
Medias = -nan 256530.000000
tamanho do vetor -> 2000
1013342 1011343
1013342 1011343
1013342 1011343
1013342 1011343
1013342 1011343
1013342 1011343
1013342 1011343
1013342 1011343
1013342 1011343
1013342 1011343
Medias = -nan 1267873.000000
tamanho do vetor -> 3000
2253588 2250589
2253588 2250589
2253588 2250589
2253588 2250589
2253588 2250589
2253588 2250589
2253588 2250589
2253588 2250589
2253588 2250589
2253588 2250589
Medias = -nan 3518462.000000
tamanho do vetor -> 4000
3995033 3991034
3995033 3991034
3995033 3991034
3995033 3991034
3995033 3991034
3995033 3991034
3995033 3991034
3995033 3991034
3995033 3991034
3995033 3991034
Medias = -nan 7509496.000000
tamanho do vetor -> 5000
6307085 6302086
6307085 6302086
6307085 6302086
6307085 6302086
6307085 6302086
6307085 6302086
6307085 6302086
6307085 6302086
6307085 6302086
6307085 6302086
Medias = -nan 13811582.000000
tamanho do vetor -> 6000
9041641 9035642
9041641 9035642
9041641 9035642
9041641 9035642
9041641 9035642
9041641 9035642
9041641 9035642
9041641 9035642
9041641 9035642
9041641 9035642
Medias = -nan 22847224.000000
tamanho do vetor -> 7000
12306161 12299162
12174857 12167858
12174857 12167858
12174857 12167858
12174857 12167858
12174857 12167858
12174857 12167858
12174857 12167858
12174857 12167858
12174857 12167858
Medias = -nan 35028212.400000
tamanho do vetor -> 8000
16011727 16003728
16011727 16003728
16011727 16003728
16011727 16003728
16011727 16003728
16011727 16003728
16011727 16003728
16011727 16003728
16011727 16003728
16011727 16003728
Medias = -nan 51031940.400000
tamanho do vetor -> 9000
20213417 20204418
20338610 20329611
20338610 20329611
20338610 20329611
20338610 20329611
20338610 20329611
20338610 20329611
20338610 20329611
20338610 20329611
20338610 20329611
Medias = -nan 71349032.100000
tamanho do vetor -> 10000
25107555 25097556
25107555 25097556
25107555 25097556
25155647 25145648
25155647 25145648
25155647 25145648
25155647 25145648
25155647 25145648
25155647 25145648
25155647 25145648
Medias = -nan 96480252.500000
tamanho do vetor -> 11000
30312940 30301941
30312940 30301941
30312940 30301941
29730520 29719521
29730520 29719521
29730520 29719521
29730520 29719521
29730520 29719521
29730520 29719521
29730520 29719521
Medias = -nan 126374499.500000
tamanho do vetor -> 12000
35610494 35598495
35610494 35598495
35638472 35626473
35638472 35626473
35638472 35626473
35638472 35626473
35638472 35626473
35638472 35626473
35638472 35626473
35638472 35626473
Medias = -nan 161995376.900000
tamanho do vetor -> 13000
42060598 42047599
42060598 42047599
42060598 42047599
42060598 42047599
42060598 42047599
42060598 42047599
42060598 42047599
42060598 42047599
42153263 42140264
42153263 42140264
Medias = -nan 204061508.900000
tamanho do vetor -> 14000
49209786 49195787
49209786 49195787
49209786 49195787
49209786 49195787
48910480 48896481
48910480 48896481
48910480 48896481
48910480 48896481
48910480 48896481
48728212 48714213
Medias = -nan 253059485.500000
tamanho do vetor -> 15000
56009988 55994989
56009988 55994989
56009988 55994989
56009988 55994989
55425374 55410375
55425374 55410375
55425374 55410375
55425374 55410375
55425374 55410375
56137734 56122735
Medias = -nan 308774942.100000
tamanho do vetor -> 16000
63814210 63798211
63814210 63798211
63814210 63798211
63814210 63798211
63697397 63681398
63697397 63681398
63697397 63681398
63697397 63681398
63780168 63764169
63780168 63764169
Medias = -nan 372519619.500000
tamanho do vetor -> 17000
72344588 72327589
72344588 72327589
72344588 72327589
72296170 72279171
72296170 72279171
72296170 72279171
72296170 72279171
72746752 72729753
72746752 72729753
72746752 72729753
Medias = -nan 444948490.500000
tamanho do vetor -> 18000
81405350 81387351
80921834 80903835
80921834 80903835
80921834 80903835
81151731 81133732
81151731 81133732
81151731 81133732
80581204 80563205
80581204 80563205
80581204 80563205
Medias = -nan 525867457.200000
tamanho do vetor -> 19000
91088488 91069489
91088488 91069489
91088488 91069489
91088488 91069489
90193754 90174755
90193754 90174755
90193754 90174755
90474815 90455816
90474815 90455816
90474815 90455816
Medias = -nan 616484424.100000
tamanho do vetor -> 20000
101188242 101168243
101188242 101168243
101188242 101168243
99446524 99426525
99446524 99426525
99446524 99426525
99547241 99527242
99547241 99527242
99547241 99527242
100160549 100140550
Medias = -nan 716535082.100000
tamanho do vetor -> 21000
110497019 110476020
110804712 110783713
110804712 110783713
110804712 110783713
110436898 110415899
110436898 110415899
110436898 110415899
110532216 110511217
110532216 110511217
110123856 110102857
Medias = -nan 827055096.800000
tamanho do vetor -> 22000
120691228 120669229
121824410 121802411
121824410 121802411
121824410 121802411
121299634 121277635
121299634 121277635
120399412 120377413
120399412 120377413
120750680 120728681
120750680 120728681
Medias = -nan 948139488.800000
tamanho do vetor -> 23000
131637245 131614246
131637245 131614246
132482092 132459093
132482092 132459093
132641341 132618342
132641341 132618342
130392733 130369734
130392733 130369734
130392733 130369734
132206148 132183149
Medias = -nan 1079807060.100000
tamanho do vetor -> 24000
143917741 143893742
144544145 144520146
144544145 144520146
143969723 143945724
144482970 144458971
144482970 144458971
143746909 143722910
143746909 143722910
143746909 143722910
143931883 143907884
Medias = -nan 1223894491.500000
tamanho do vetor -> 25000
156174220 156149221
155923973 155898974
156637232 156612233
156637232 156612233
155669303 155644304
155669303 155644304
156549731 156524732
156549731 156524732
156212833 156187834
156212833 156187834
Medias = -nan 1380093131.600000
tamanho do vetor -> 26000
169927368 169901369
169927368 169901369
168957500 168931501
169518461 169492462
169518461 169492462
168912012 168886013
168912012 168886013
168316902 168290903
168316902 168290903
169275315 169249316
Medias = -nan 1549225362.700000
tamanho do vetor -> 27000
182254357 182227358
182254357 182227358
181665251 181638252
181665251 181638252
181807900 181780901
181819063 181792064
181819063 181792064
182184261 182157262
182611337 182584338
182611337 182584338
Medias = -nan 1731267581.400000
tamanho do vetor -> 28000
196001370 195973371
196646946 196618947
196646946 196618947
195464177 195436178
196392859 196364860
196392859 196364860
196731567 196703568
194716950 194688951
194716950 194688951
193994774 193966775
Medias = -nan 1927010122.200000
tamanho do vetor -> 29000
209716230 209687231
210197156 210168157
210197156 210168157
210364344 210335345
210059403 210030404
209310250 209281251
209310250 209281251
208117437 208088438
209041265 209012266
211273771 211244772
Medias = -nan 2136739849.400000
tamanho do vetor -> 30000
223312338 223282339
224546607 224516608
224546607 224516608
224709891 224679892
223477487 223447488
226673204 226643205
224319242 224289243
224319242 224289243
224717064 224687065
225036940 225006941
Medias = -nan 2361275712.600000
tamanho do vetor -> 31000
240126543 240095544
240126543 240095544
241621394 241590395
239787148 239756149
239341480 239310481
241006963 240975964
240650948 240619949
240650948 240619949
240112672 240081673
238519226 238488227
Medias = -nan 2601439100.100000
tamanho do vetor -> 32000
255375050 255343051
256996742 256964743
257304082 257272083
257304082 257272083
256249671 256217672
256474493 256442494
255502200 255470201
256267670 256235671
254013092 253981093
255018388 254986389
Medias = -nan 2857457648.100000
tamanho do vetor -> 33000
271663386 271630387
271161373 271128374
272642902 272609903
273065350 273032351
272372676 272339677
272945454 272912455
271592939 271559940
272259975 272226976
272340559 272307560
272299958 272266959
Medias = -nan 3129659106.300000
tamanho do vetor -> 34000
290505942 290471943
287985101 287951102
287366606 287332607
288659555 288625556
287922866 287888867
289146512 289112513
288443974 288409975
288625288 288591289
288905293 288871294
288985831 288951832
Medias = -nan 3418279804.100000
tamanho do vetor -> 35000
305055671 305020672
305805243 305770244
306028332 305993333
305986765 305951766
306133472 306098473
306081526 306046527
307081624 307046625
304868290 304833291
305926078 305891079
305396449 305361450
Medias = -nan 3724081150.100000
tamanho do vetor -> 36000
323410361 323374362
324640457 324604458
324970513 324934514
324456788 324420789
324906037 324870038
325577631 325541632
323401140 323365141
325924609 325888610
325490358 325454359
323794832 323758833
Medias = -nan 4048702423.700000
tamanho do vetor -> 37000
342017434 341980435
345542268 345505269
343882208 343845209
341191774 341154775
342923522 342886523
342401771 342364772
344524016 344487017
342590360 342553361
344136149 344099150
343332231 343295232
Medias = -nan 4391919598.000000
tamanho do vetor -> 38000
359631279 359593280
360302621 360264622
362191783 362153784
359871443 359833444
360605991 360567992
360443355 360405356
361481291 361443292
362211646 362173647
359783115 359745116
361806034 361768035
Medias = -nan 4752714454.800000
tamanho do vetor -> 39000
380204054 380165055
378095817 378056818
380917674 380878675
380320762 380281763
381429282 381390283
379694029 379655030
381840452 381801453
380770330 380731331
378868222 378829223
378703697 378664698
Medias = -nan 5132759887.700000
tamanho do vetor -> 40000
397828028 397788029
402060535 402020536
399984665 399944666
402738280 402698281
400215128 400175129
400352102 400312103
400293550 400253551
397558723 397518724
402049126 402009127
399000550 398960551
Medias = -nan 5532927957.400000
tamanho do vetor -> 41000
420193752 420152753
419457470 419416471
421922805 421881806
418139158 418098159
421085295 421044296
418684089 418643090
420977175 420936176
420715830 420674831
419502886 419461887
421333651 421292652
Medias = -nan 5953088169.500000
tamanho do vetor -> 42000
440472154 440430155
441263032 441221033
439617533 439575534
442769396 442727397
441822101 441780102
441657920 441615921
439879490 439837491
441215832 441173833
444059422 444017423
437767837 437725838
Medias = -nan 6394098642.200000
tamanho do vetor -> 43000
460115902 460072903
461996748 461953749
461292145 461249146
459405112 459362113
463199232 463156233
459877300 459834301
459405216 459362217
461551595 461508596
463531071 463488072
462062429 462019430
Medias = -nan 6855299318.200000
tamanho do vetor -> 44000
484967602 484923603
484653689 484609690
483139238 483095239
485142598 485098599
482290527 482246528
484037449 483993450
484392548 484348549
483070652 483026653
485890035 485846036
482980256 482936257
Medias = -nan 7339311778.600000
tamanho do vetor -> 45000
505396064 505351065
507363741 507318742
505494661 505449662
505232486 505187487
505285480 505240481
506554246 506509247
504582313 504537314
507731939 507686940
506367928 506322929
505378145 505333146
Medias = -nan 7845205479.900000
tamanho do vetor -> 46000
526054313 526008314
529624483 529578484
530506730 530460731
530294471 530248472
529180081 529134082
530529085 530483086
527451474 527405475
528468416 528422417
529130790 529084791
528932558 528886559
Medias = -nan 8374176721.000000
tamanho do vetor -> 47000
550076518 550029519
551647815 551600816
549619519 549572520
554445182 554398183
548982646 548935647
552210374 552163375
551971302 551924303
552665647 552618648
549252880 549205881
552291473 552244474
Medias = -nan 8925446057.600000
tamanho do vetor -> 48000
575427137 575379138
576520498 576472499
575957046 575909047
578542727 578494728
576961638 576913639
575015884 574967885
575595299 575547300
577356377 577308378
576407143 576359144
573651108 573603109
Medias = -nan 9501541544.300000
tamanho do vetor -> 49000
599244112 599195113
601016030 600967031
600562283 600513284
598537150 598488151
598453298 598404299
601479445 601430446
599564698 599515699
599299078 599250079
598640081 598591082
602535322 602486323
Medias = -nan 10101425695.000000
tamanho do vetor -> 50000
625952987 625902988
622122966 622072967
623371150 623321151
622464317 622414318
622541042 622491043
623593736 623543737
626161820 626111821
625589706 625539707
626483032 626433033
624101836 624051837
Medias = -nan 10725613955.200000
