tamanho do vetor -> 1000
71870047
71870047
71870047
71870047
71870047
71870047
71870047
71870047
71870047
71870047
tamanho do vetor -> 2000
315825024
315825024
315825024
315825024
315825024
315825024
315825024
315825024
315825024
315825024
tamanho do vetor -> 3000
749437073
749437073
749437073
749437073
749437073
749437073
749437073
749437073
749437073
749437073
tamanho do vetor -> 4000
1374980106
1374980106
1374980106
1374980106
1374980106
1374980106
1374980106
1374980106
1374980106
1374980106
tamanho do vetor -> 5000
2210038974
2210038974
2210038974
2210038974
2210038974
2210038974
2210038974
2210038974
2210038974
2210038974
tamanho do vetor -> 6000
3249953148
3249953148
3249953148
3249953148
3249953148
3249953148
3249953148
3249953148
3249953148
3249953148
tamanho do vetor -> 7000
4494434946
4494434946
4494434946
4494434946
4494434946
4494434946
4494434946
4494434946
4494434946
4494434946
tamanho do vetor -> 8000
5948364204
5948364204
5948364204
5948364204
5948364204
5948364204
5948364204
5948364204
5948364204
5948364204
tamanho do vetor -> 9000
7627850207
7627850207
7627850207
7627850207
7627850207
7627850207
7627850207
7627850207
7627850207
7627850207
tamanho do vetor -> 10000
9537823085
9537823085
9537823085
9537823085
9537823085
9537823085
9537823085
9537823085
9537823085
9537823085
tamanho do vetor -> 11000
11662175877
11662175877
11662175877
11662175877
11662175877
11662175877
11662175877
11662175877
11662175877
11662175877
tamanho do vetor -> 12000
14007136345
14007136345
14007136345
14007136345
14007136345
14007136345
14007136345
14007136345
14007136345
14007136345
tamanho do vetor -> 13000
16561466996
16561466996
16561466996
16561466996
16561466996
16561466996
16561466996
16561466996
16561466996
16561466996
tamanho do vetor -> 14000
19346889015
19346889015
19346889015
19346889015
19346889015
19346889015
19346889015
19346889015
19346889015
19346889015
tamanho do vetor -> 15000
22348955010
22348955010
22348955010
22348955010
22348955010
22348955010
22348955010
22348955010
22348955010
22348955010
tamanho do vetor -> 16000
25582656517
25582656517
25582656517
25582656517
25582656517
25582656517
25582656517
25582656517
25582656517
25582656517
tamanho do vetor -> 17000
29049187587
29049187587
29049187587
29049187587
29049187587
29049187587
29049187587
29049187587
29049187587
29049187587
tamanho do vetor -> 18000
32781409380
32781409380
32781409380
32781409380
32781409380
32781409380
32781409380
32781409380
32781409380
32781409380
tamanho do vetor -> 19000
36735647247
36735647247
36735647247
36735647247
36735647247
36735647247
36735647247
36735647247
36735647247
36735647247
tamanho do vetor -> 20000
40948776255
40948776255
40948776255
40948776255
40948776255
40948776255
40948776255
40948776255
40948776255
40948776255
tamanho do vetor -> 21000
45359339990
45359339990
45359339990
45359339990
45359339990
45373367656
45373367656
45373367656
45373367656
45373367656
tamanho do vetor -> 22000
50026950998
50026950998
50026950998
50026950998
50026950998
50026950998
50026950998
50026950998
50026950998
50026950998
tamanho do vetor -> 23000
54913744197
54913744197
54913744197
54913744197
54913744197
54913744197
54913744197
54913744197
54913744197
54913744197
tamanho do vetor -> 24000
60063596649
60063596649
60063596649
60063596649
60063596649
60063596649
60063596649
60063596649
60063596649
60063596649
tamanho do vetor -> 25000
65420241569
65420241569
65420241569
65420241569
65420241569
65420241569
65420241569
65420241569
65420241569
65420241569
tamanho do vetor -> 26000
70988358813
70988358813
70988358813
70988358813
70988358813
70988358813
70988358813
70988358813
70988358813
70988358813
tamanho do vetor -> 27000
76800887735
76800887735
76800887735
76800887735
76800887735
76800887735
76800887735
76800887735
76800887735
76800887735
tamanho do vetor -> 28000
82853656444
82853656444
82853656444
82853656444
82853656444
82853656444
82853656444
82853656444
82853656444
82853656444
tamanho do vetor -> 29000
89177870424
89177870424
89177870424
89177870424
89177870424
89177870424
89177870424
89177870424
89177870424
89177870424
tamanho do vetor -> 30000
95682745261
95682745261
95682745261
95682745261
95682745261
95682745261
95682745261
95682745261
95682745261
95682745261
tamanho do vetor -> 31000
102467917265
102467917265
102467917265
102467917265
102467917265
102467917265
102467917265
102467917265
102467917265
102467917265
tamanho do vetor -> 32000
109494481122
109494481122
109494481122
109494481122
109494481122
109494481122
109494481122
109494481122
109494481122
109494481122
tamanho do vetor -> 33000
116790048427
116790048427
116790048427
116790048427
116790048427
116790048427
116790048427
116790048427
116790048427
116790048427
tamanho do vetor -> 34000
124323999679
124323999679
124323999679
124323999679
124323999679
124323999679
124323999679
124323999679
124323999679
124323999679
tamanho do vetor -> 35000
132143622207
132143622207
132143622207
132143622207
132143622207
132143622207
132143622207
132143622207
132143622207
132143622207
tamanho do vetor -> 36000
140201780726
140201780726
140201780726
140201780726
140201780726
140201780726
140201780726
140201780726
140201780726
140201780726
tamanho do vetor -> 37000
148540560668
148540560668
148543150633
148543150633
148543150633
148543150633
148543150633
148543150633
148543150633
148543150633
tamanho do vetor -> 38000
157049349534
157049349534
157049349534
157049349534
157049349534
157049349534
157049349534
157049349534
157049349534
157049349534
tamanho do vetor -> 39000
165905276982
165905276982
165905276982
165905276982
165905276982
165905276982
165905276982
165905276982
165905276982
165905276982
tamanho do vetor -> 40000
174966932886
174966932886
174966932886
174966932886
174966932886
174966932886
174966932886
174966932886
174966932886
174966932886
tamanho do vetor -> 41000
184343919876
184343919876
184343919876
184343919876
184343919876
184343919876
184343919876
184343919876
184343919876
184343919876
tamanho do vetor -> 42000
193823660548
193823660548
193823660548
193823660548
193823660548
193823660548
193823660548
193823660548
193823660548
193823660548
tamanho do vetor -> 43000
203598074553
203598074553
203598074553
203598074553
203598074553
203598074553
203598074553
203598074553
203598074553
203598074553
tamanho do vetor -> 44000
213621004461
213621004461
213621004461
213621004461
213621004461
213621004461
213621004461
213621004461
213621004461
213621004461
tamanho do vetor -> 45000
223984021261
223984021261
223984021261
223984021261
223984021261
223984021261
223984021261
223984021261
223984021261
223984021261
tamanho do vetor -> 46000
234463223459
234463223459
234463223459
234463223459
234463223459
234463223459
234463223459
234463223459
234463223459
234463223459
tamanho do vetor -> 47000
245319248193
245319248193
245319248193
245319248193
245319248193
245319248193
245319248193
245319248193
245306370330
245306370330
tamanho do vetor -> 48000
256344785714
256344785714
256344785714
256344785714
256344785714
256344785714
256344785714
256344785714
256344785714
256344785714
tamanho do vetor -> 49000
267704358295
267704358295
267704358295
267704358295
267704358295
267704358295
267704358295
267704358295
267704358295
267704358295
tamanho do vetor -> 50000
279171608256
279171608256
279171608256
279171608256
279171608256
279171608256
279171608256
279171608256
279171608256
279171608256
