tamanho do vetor -> 1000
24117363
24117363
24117363
24117363
24117363
24117363
24117363
24117363
24117363
24117363
tamanho do vetor -> 2000
111068676
111068676
111068676
111068676
111068676
111068676
111068676
111068676
111068676
111068676
tamanho do vetor -> 3000
306544998
306544998
306544998
306544998
306544998
306544998
306544998
306544998
306544998
306544998
tamanho do vetor -> 4000
623627270
623627270
623627270
623627270
623627270
623627270
623627270
623627270
623627270
623627270
tamanho do vetor -> 5000
1016864155
1016864155
1016864155
1016864155
1016864155
1016864155
1016864155
1016864155
1016864155
1016864155
tamanho do vetor -> 6000
1575299754
1575299754
1575299754
1575299754
1575299754
1575299754
1575299754
1575299754
1575299754
1575299754
tamanho do vetor -> 7000
2324965120
2324965120
2324965120
2324965120
2324965120
2324965120
2324965120
2324965120
2324965120
2324965120
tamanho do vetor -> 8000
3067585830
3067585830
3067585830
3067585830
3067585830
3067585830
3067585830
3067585830
3067585830
3067585830
tamanho do vetor -> 9000
4012074515
4012074515
4012074515
4012074515
4012074515
4012074515
4012074515
4012074515
4012074515
4012074515
tamanho do vetor -> 10000
5566047695
5566047695
5566047695
5566047695
5566047695
5566047695
5566047695
5566047695
5566047695
5566047695
tamanho do vetor -> 11000
6679429440
6679429440
6679429440
6679429440
6679429440
6679429440
6679429440
6679429440
6679429440
6679429440
tamanho do vetor -> 12000
8297985164
8297985164
8297985164
8297985164
8297985164
8297985164
8297985164
8297985164
8297985164
8297985164
tamanho do vetor -> 13000
10914550754
10914550754
10914550754
10914550754
10914550754
10914550754
10914550754
10914550754
10914550754
10914550754
tamanho do vetor -> 14000
12062305917
12062305917
12062305917
12062305917
12062305917
12062305917
12062305917
12062305917
12062305917
12062305917
tamanho do vetor -> 15000
15167805688
15167805688
15167805688
15167805688
15167805688
15167805688
15167805688
15167805688
15167805688
15167805688
tamanho do vetor -> 16000
17012637069
17012637069
17012637069
17012637069
17012637069
17012637069
17012637069
17012637069
17012637069
17012637069
tamanho do vetor -> 17000
21167413461
21167413461
21167413461
21167413461
21167413461
21167413461
21167413461
21167413461
21167413461
21167413461
tamanho do vetor -> 18000
24800941418
24800941418
24800941418
24800941418
24800941418
24800941418
24800941418
24800941418
24800941418
24800941418
tamanho do vetor -> 19000
27175318849
27175318849
27175318849
27175318849
27175318849
27175318849
27175318849
27175318849
27175318849
27175318849
tamanho do vetor -> 20000
31049135061
31049135061
31049135061
31049135061
31049135061
31049135061
31049135061
31049135061
31049135061
31049135061
tamanho do vetor -> 21000
34365739122
34365739122
34365739122
34365739122
34365739122
34365739122
34365739122
34365739122
34365739122
34365739122
tamanho do vetor -> 22000
40178492608
40178492608
40178492608
40178492608
40178492608
40178492608
40178492608
40178492608
40178492608
40178492608
tamanho do vetor -> 23000
44156983545
44156983545
44156983545
44156983545
44156983545
44156983545
44156983545
44156983545
44156983545
44156983545
tamanho do vetor -> 24000
48668275983
48668275983
48668275983
48668275983
48668275983
48668275983
48668275983
48668275983
48668275983
49877964280
tamanho do vetor -> 25000
54952744825
54952744825
54952744825
54952744825
54952744825
54952744825
54952744825
54952744825
54952744825
54952744825
tamanho do vetor -> 26000
59578391544
59578391544
59578391544
59578391544
59578391544
59578391544
59578391544
59578391544
59578391544
59578391544
tamanho do vetor -> 27000
63948437754
63948437754
63948437754
63948437754
63948437754
63948437754
63948437754
63948437754
63948437754
63948437754
tamanho do vetor -> 28000
73274442909
73274442909
73274442909
73274442909
73274442909
73274442909
73274442909
73274442909
73274442909
73274442909
tamanho do vetor -> 29000
79044459483
79044459483
79044459483
79044459483
79044459483
79044459483
79044459483
79044459483
79044459483
79044459483
tamanho do vetor -> 30000
86434134218
86434134218
86434134218
86434134218
86434134218
86434134218
86434134218
86434134218
86434134218
86434134218
tamanho do vetor -> 31000
97137958939
97137958939
97137958939
97137958939
97137958939
97137958939
97137958939
97137958939
97137958939
97137958939
tamanho do vetor -> 32000
102359000925
102359000925
102359000925
102359000925
102359000925
102359000925
102359000925
102359000925
102359000925
102359000925
tamanho do vetor -> 33000
110955589654
110955589654
110955589654
110955589654
110955589654
110955589654
110955589654
110955589654
110955589654
110955589654
tamanho do vetor -> 34000
119035377539
119035377539
119035377539
119035377539
119035377539
119035377539
119035377539
119035377539
119035377539
119035377539
tamanho do vetor -> 35000
135885854292
135885854292
135885854292
135885854292
135885854292
135885854292
135885854292
135885854292
135885854292
135885854292
tamanho do vetor -> 36000
143710162973
143710162973
143710162973
143710162973
143710162973
143710162973
143710162973
143710162973
143710162973
143710162973
tamanho do vetor -> 37000
148555055236
148555055236
148555055236
148555055236
153525572270
153525572270
153525572270
153525572270
153525572270
153525572270
tamanho do vetor -> 38000
163846798116
163846798116
163846798116
163846798116
163846798116
163846798116
163846798116
163846798116
163846798116
163846798116
tamanho do vetor -> 39000
179861230564
179861230564
179861230564
179861230564
179861230564
179861230564
179861230564
179861230564
179861230564
179861230564
tamanho do vetor -> 40000
184366985649
184366985649
184366985649
184366985649
184366985649
184366985649
184366985649
184366985649
184366985649
184366985649
tamanho do vetor -> 41000
209409177582
209409177582
209409177582
209409177582
209409177582
209409177582
209409177582
209409177582
209409177582
209409177582
tamanho do vetor -> 42000
216377514718
216377514718
216377514718
216377514718
216377514718
216377514718
216377514718
216377514718
216377514718
216377514718
tamanho do vetor -> 43000
231134715571
231134715571
231134715571
231134715571
231134715571
231134715571
231134715571
231134715571
231134715571
231134715571
tamanho do vetor -> 44000
241109565567
241109565567
241109565567
241109565567
241109565567
241109565567
241109565567
241109565567
241109565567
241109565567
tamanho do vetor -> 45000
255904883977
258518249674
258518249674
258518249674
258518249674
258518249674
258518249674
258518249674
258518249674
258518249674
tamanho do vetor -> 46000
272052862776
272052862776
272052862776
272052862776
272052862776
272052862776
272052862776
272052862776
272052862776
272052862776
tamanho do vetor -> 47000
286731328611
286731328611
286731328611
286731328611
286731328611
286731328611
286731328611
286731328611
286731328611
286731328611
tamanho do vetor -> 48000
301894175606
301894175606
301894175606
301894175606
301894175606
301894175606
301894175606
301894175606
301894175606
301894175606
tamanho do vetor -> 49000
321152625305
321152625305
321152625305
321152625305
321152625305
321152625305
321152625305
321152625305
321152625305
321152625305
tamanho do vetor -> 50000
336237314958
336237314958
336237314958
336237314958
336237314958
336237314958
336237314958
336237314958
336237314958
336237314958
