tamanho do vetor -> 1000
499500 499500
499500 499500
499500 499500
499500 499500
499500 499500
499500 499500
499500 499500
499500 499500
499500 499500
499500 499500
tamanho do vetor -> 2000
1999000 1999000
1999000 1999000
1999000 1999000
1999000 1999000
1999000 1999000
1999000 1999000
1999000 1999000
1999000 1999000
1999000 1999000
1999000 1999000
tamanho do vetor -> 3000
4498500 4498500
4498500 4498500
4498500 4498500
4498500 4498500
4498500 4498500
4498500 4498500
4498500 4498500
4498500 4498500
4498500 4498500
4498500 4498500
tamanho do vetor -> 4000
7998000 7998000
7998000 7998000
7998000 7998000
7998000 7998000
7998000 7998000
7998000 7998000
7998000 7998000
7998000 7998000
7998000 7998000
7998000 7998000
tamanho do vetor -> 5000
12497500 12497500
12497500 12497500
12497500 12497500
12497500 12497500
12497500 12497500
12497500 12497500
12497500 12497500
12497500 12497500
12497500 12497500
12497500 12497500
tamanho do vetor -> 6000
17997000 17997000
17997000 17997000
17997000 17997000
17997000 17997000
17997000 17997000
17997000 17997000
17997000 17997000
17997000 17997000
17997000 17997000
17997000 17997000
tamanho do vetor -> 7000
24496500 24496500
24496500 24496500
24496500 24496500
24496500 24496500
24496500 24496500
24496500 24496500
24496500 24496500
24496500 24496500
24496500 24496500
24496500 24496500
tamanho do vetor -> 8000
31996000 31996000
31996000 31996000
31996000 31996000
31996000 31996000
31996000 31996000
31996000 31996000
31996000 31996000
31996000 31996000
31996000 31996000
31996000 31996000
tamanho do vetor -> 9000
40495500 40495500
40495500 40495500
40495500 40495500
40495500 40495500
40495500 40495500
40495500 40495500
40495500 40495500
40495500 40495500
40495500 40495500
40495500 40495500
tamanho do vetor -> 10000
49995000 49995000
49995000 49995000
49995000 49995000
49995000 49995000
49995000 49995000
49995000 49995000
49995000 49995000
49995000 49995000
49995000 49995000
49995000 49995000
tamanho do vetor -> 11000
60494500 60494500
60494500 60494500
60494500 60494500
60494500 60494500
60494500 60494500
60494500 60494500
60494500 60494500
60494500 60494500
60494500 60494500
60494500 60494500
tamanho do vetor -> 12000
71994000 71994000
71994000 71994000
71994000 71994000
71994000 71994000
71994000 71994000
71994000 71994000
71994000 71994000
71994000 71994000
71994000 71994000
71994000 71994000
tamanho do vetor -> 13000
84493500 84493500
84493500 84493500
84493500 84493500
84493500 84493500
84493500 84493500
84493500 84493500
84493500 84493500
84493500 84493500
84493500 84493500
84493500 84493500
tamanho do vetor -> 14000
97993000 97993000
97993000 97993000
97993000 97993000
97993000 97993000
97993000 97993000
97993000 97993000
97993000 97993000
97993000 97993000
97993000 97993000
97993000 97993000
tamanho do vetor -> 15000
112492500 112492500
112492500 112492500
112492500 112492500
112492500 112492500
112492500 112492500
112492500 112492500
112492500 112492500
112492500 112492500
112492500 112492500
112492500 112492500
tamanho do vetor -> 16000
127992000 127992000
127992000 127992000
127992000 127992000
127992000 127992000
127992000 127992000
127992000 127992000
127992000 127992000
127992000 127992000
127992000 127992000
127992000 127992000
tamanho do vetor -> 17000
144491500 144491500
144491500 144491500
144491500 144491500
144491500 144491500
144491500 144491500
144491500 144491500
144491500 144491500
144491500 144491500
144491500 144491500
144491500 144491500
tamanho do vetor -> 18000
161991000 161991000
161991000 161991000
161991000 161991000
161991000 161991000
161991000 161991000
161991000 161991000
161991000 161991000
161991000 161991000
161991000 161991000
161991000 161991000
tamanho do vetor -> 19000
180490500 180490500
180490500 180490500
180490500 180490500
180490500 180490500
180490500 180490500
180490500 180490500
180490500 180490500
180490500 180490500
180490500 180490500
180490500 180490500
tamanho do vetor -> 20000
199990000 199990000
199990000 199990000
199990000 199990000
199990000 199990000
199990000 199990000
199990000 199990000
199990000 199990000
199990000 199990000
199990000 199990000
199990000 199990000
tamanho do vetor -> 21000
220489500 220489500
220489500 220489500
220489500 220489500
220489500 220489500
220489500 220489500
220489500 220489500
220489500 220489500
220489500 220489500
220489500 220489500
220489500 220489500
tamanho do vetor -> 22000
241989000 241989000
241989000 241989000
241989000 241989000
241989000 241989000
241989000 241989000
241989000 241989000
241989000 241989000
241989000 241989000
241989000 241989000
241989000 241989000
tamanho do vetor -> 23000
264488500 264488500
264488500 264488500
264488500 264488500
264488500 264488500
264488500 264488500
264488500 264488500
264488500 264488500
264488500 264488500
264488500 264488500
264488500 264488500
tamanho do vetor -> 24000
287988000 287988000
287988000 287988000
287988000 287988000
287988000 287988000
287988000 287988000
287988000 287988000
287988000 287988000
287988000 287988000
287988000 287988000
287988000 287988000
tamanho do vetor -> 25000
312487500 312487500
312487500 312487500
312487500 312487500
312487500 312487500
312487500 312487500
312487500 312487500
312487500 312487500
312487500 312487500
312487500 312487500
312487500 312487500
tamanho do vetor -> 26000
337987000 337987000
337987000 337987000
337987000 337987000
337987000 337987000
337987000 337987000
337987000 337987000
337987000 337987000
337987000 337987000
337987000 337987000
337987000 337987000
tamanho do vetor -> 27000
364486500 364486500
364486500 364486500
364486500 364486500
364486500 364486500
364486500 364486500
364486500 364486500
364486500 364486500
364486500 364486500
364486500 364486500
364486500 364486500
tamanho do vetor -> 28000
391986000 391986000
391986000 391986000
391986000 391986000
391986000 391986000
391986000 391986000
391986000 391986000
391986000 391986000
391986000 391986000
391986000 391986000
391986000 391986000
tamanho do vetor -> 29000
420485500 420485500
420485500 420485500
420485500 420485500
420485500 420485500
420485500 420485500
420485500 420485500
420485500 420485500
420485500 420485500
420485500 420485500
420485500 420485500
tamanho do vetor -> 30000
449985000 449985000
449985000 449985000
449985000 449985000
449985000 449985000
449985000 449985000
449985000 449985000
449985000 449985000
449985000 449985000
449985000 449985000
449985000 449985000
tamanho do vetor -> 31000
480484500 480484500
480484500 480484500
480484500 480484500
480484500 480484500
480484500 480484500
480484500 480484500
480484500 480484500
480484500 480484500
480484500 480484500
480484500 480484500
tamanho do vetor -> 32000
511984000 511984000
511984000 511984000
511984000 511984000
511984000 511984000
511984000 511984000
511984000 511984000
511984000 511984000
511984000 511984000
511984000 511984000
511984000 511984000
tamanho do vetor -> 33000
544483500 544483500
544483500 544483500
544483500 544483500
544483500 544483500
544483500 544483500
544483500 544483500
544483500 544483500
544483500 544483500
544483500 544483500
544483500 544483500
tamanho do vetor -> 34000
577983000 577983000
577983000 577983000
577983000 577983000
577983000 577983000
577983000 577983000
577983000 577983000
577983000 577983000
577983000 577983000
577983000 577983000
577983000 577983000
tamanho do vetor -> 35000
612482500 612482500
612482500 612482500
612482500 612482500
612482500 612482500
612482500 612482500
612482500 612482500
612482500 612482500
612482500 612482500
612482500 612482500
612482500 612482500
tamanho do vetor -> 36000
647982000 647982000
647982000 647982000
647982000 647982000
647982000 647982000
647982000 647982000
647982000 647982000
647982000 647982000
647982000 647982000
647982000 647982000
647982000 647982000
tamanho do vetor -> 37000
684481500 684481500
684481500 684481500
684481500 684481500
684481500 684481500
684481500 684481500
684481500 684481500
684481500 684481500
684481500 684481500
684481500 684481500
684481500 684481500
tamanho do vetor -> 38000
721981000 721981000
721981000 721981000
721981000 721981000
721981000 721981000
721981000 721981000
721981000 721981000
721981000 721981000
721981000 721981000
721981000 721981000
721981000 721981000
tamanho do vetor -> 39000
760480500 760480500
760480500 760480500
760480500 760480500
760480500 760480500
760480500 760480500
760480500 760480500
760480500 760480500
760480500 760480500
760480500 760480500
760480500 760480500
tamanho do vetor -> 40000
799980000 799980000
799980000 799980000
799980000 799980000
799980000 799980000
799980000 799980000
799980000 799980000
799980000 799980000
799980000 799980000
799980000 799980000
799980000 799980000
tamanho do vetor -> 41000
840479500 840479500
840479500 840479500
840479500 840479500
840479500 840479500
840479500 840479500
840479500 840479500
840479500 840479500
840479500 840479500
840479500 840479500
840479500 840479500
tamanho do vetor -> 42000
881979000 881979000
881979000 881979000
881979000 881979000
881979000 881979000
881979000 881979000
881979000 881979000
881979000 881979000
881979000 881979000
881979000 881979000
881979000 881979000
tamanho do vetor -> 43000
924478500 924478500
924478500 924478500
924478500 924478500
924478500 924478500
924478500 924478500
924478500 924478500
924478500 924478500
924478500 924478500
924478500 924478500
924478500 924478500
tamanho do vetor -> 44000
967978000 967978000
967978000 967978000
967978000 967978000
967978000 967978000
967978000 967978000
967978000 967978000
967978000 967978000
967978000 967978000
967978000 967978000
967978000 967978000
tamanho do vetor -> 45000
1012477500 1012477500
1012477500 1012477500
1012477500 1012477500
1012477500 1012477500
1012477500 1012477500
1012477500 1012477500
1012477500 1012477500
1012477500 1012477500
1012477500 1012477500
1012477500 1012477500
tamanho do vetor -> 46000
1057977000 1057977000
1057977000 1057977000
1057977000 1057977000
1057977000 1057977000
1057977000 1057977000
1057977000 1057977000
1057977000 1057977000
1057977000 1057977000
1057977000 1057977000
1057977000 1057977000
tamanho do vetor -> 47000
1104476500 1104476500
1104476500 1104476500
1104476500 1104476500
1104476500 1104476500
1104476500 1104476500
1104476500 1104476500
1104476500 1104476500
1104476500 1104476500
1104476500 1104476500
1104476500 1104476500
tamanho do vetor -> 48000
1151976000 1151976000
1151976000 1151976000
1151976000 1151976000
1151976000 1151976000
1151976000 1151976000
1151976000 1151976000
1151976000 1151976000
1151976000 1151976000
1151976000 1151976000
1151976000 1151976000
tamanho do vetor -> 49000
1200475500 1200475500
1200475500 1200475500
1200475500 1200475500
1200475500 1200475500
1200475500 1200475500
1200475500 1200475500
1200475500 1200475500
1200475500 1200475500
1200475500 1200475500
1200475500 1200475500
tamanho do vetor -> 50000
1249975000 1249975000
1249975000 1249975000
1249975000 1249975000
1249975000 1249975000
1249975000 1249975000
1249975000 1249975000
1249975000 1249975000
1249975000 1249975000
1249975000 1249975000
1249975000 1249975000
