tamanho do vetor -> 1000
500499 499500
500499 499500
500499 499500
500499 499500
500499 499500
500499 499500
500499 499500
500499 499500
500499 499500
500499 499500
tamanho do vetor -> 2000
2000999 1999000
2000999 1999000
2000999 1999000
2000999 1999000
2000999 1999000
2000999 1999000
2000999 1999000
2000999 1999000
2000999 1999000
2000999 1999000
tamanho do vetor -> 3000
4501499 4498500
4501499 4498500
4501499 4498500
4501499 4498500
4501499 4498500
4501499 4498500
4501499 4498500
4501499 4498500
4501499 4498500
4501499 4498500
tamanho do vetor -> 4000
8001999 7998000
8001999 7998000
8001999 7998000
8001999 7998000
8001999 7998000
8001999 7998000
8001999 7998000
8001999 7998000
8001999 7998000
8001999 7998000
tamanho do vetor -> 5000
12502499 12497500
12502499 12497500
12502499 12497500
12502499 12497500
12502499 12497500
12502499 12497500
12502499 12497500
12502499 12497500
12502499 12497500
12502499 12497500
tamanho do vetor -> 6000
18002999 17997000
18002999 17997000
18002999 17997000
18002999 17997000
18002999 17997000
18002999 17997000
18002999 17997000
18002999 17997000
18002999 17997000
18002999 17997000
tamanho do vetor -> 7000
24503499 24496500
24503499 24496500
24503499 24496500
24503499 24496500
24503499 24496500
24503499 24496500
24503499 24496500
24503499 24496500
24503499 24496500
24503499 24496500
tamanho do vetor -> 8000
32003999 31996000
32003999 31996000
32003999 31996000
32003999 31996000
32003999 31996000
32003999 31996000
32003999 31996000
32003999 31996000
32003999 31996000
32003999 31996000
tamanho do vetor -> 9000
40504499 40495500
40504499 40495500
40504499 40495500
40504499 40495500
40504499 40495500
40504499 40495500
40504499 40495500
40504499 40495500
40504499 40495500
40504499 40495500
tamanho do vetor -> 10000
50004999 49995000
50004999 49995000
50004999 49995000
50004999 49995000
50004999 49995000
50004999 49995000
50004999 49995000
50004999 49995000
50004999 49995000
50004999 49995000
tamanho do vetor -> 11000
60505499 60494500
60505499 60494500
60505499 60494500
60505499 60494500
60505499 60494500
60505499 60494500
60505499 60494500
60505499 60494500
60505499 60494500
60505499 60494500
tamanho do vetor -> 12000
72005999 71994000
72005999 71994000
72005999 71994000
72005999 71994000
72005999 71994000
72005999 71994000
72005999 71994000
72005999 71994000
72005999 71994000
72005999 71994000
tamanho do vetor -> 13000
84506499 84493500
84506499 84493500
84506499 84493500
84506499 84493500
84506499 84493500
84506499 84493500
84506499 84493500
84506499 84493500
84506499 84493500
84506499 84493500
tamanho do vetor -> 14000
98006999 97993000
98006999 97993000
98006999 97993000
98006999 97993000
98006999 97993000
98006999 97993000
98006999 97993000
98006999 97993000
98006999 97993000
98006999 97993000
tamanho do vetor -> 15000
112507499 112492500
112507499 112492500
112507499 112492500
112507499 112492500
112507499 112492500
112507499 112492500
112507499 112492500
112507499 112492500
112507499 112492500
112507499 112492500
tamanho do vetor -> 16000
128007999 127992000
128007999 127992000
128007999 127992000
128007999 127992000
128007999 127992000
128007999 127992000
128007999 127992000
128007999 127992000
128007999 127992000
128007999 127992000
tamanho do vetor -> 17000
144508499 144491500
144508499 144491500
144508499 144491500
144508499 144491500
144508499 144491500
144508499 144491500
144508499 144491500
144508499 144491500
144508499 144491500
144508499 144491500
tamanho do vetor -> 18000
162008999 161991000
162008999 161991000
162008999 161991000
162008999 161991000
162008999 161991000
162008999 161991000
162008999 161991000
162008999 161991000
162008999 161991000
162008999 161991000
tamanho do vetor -> 19000
180509499 180490500
180509499 180490500
180509499 180490500
180509499 180490500
180509499 180490500
180509499 180490500
180509499 180490500
180509499 180490500
180509499 180490500
180509499 180490500
tamanho do vetor -> 20000
200009999 199990000
200009999 199990000
200009999 199990000
200009999 199990000
200009999 199990000
200009999 199990000
200009999 199990000
200009999 199990000
200009999 199990000
200009999 199990000
tamanho do vetor -> 21000
220510499 220489500
220510499 220489500
220510499 220489500
220510499 220489500
220510499 220489500
220510499 220489500
220510499 220489500
220510499 220489500
220510499 220489500
220510499 220489500
tamanho do vetor -> 22000
242010999 241989000
242010999 241989000
242010999 241989000
242010999 241989000
242010999 241989000
242010999 241989000
242010999 241989000
242010999 241989000
242010999 241989000
242010999 241989000
tamanho do vetor -> 23000
264511499 264488500
264511499 264488500
264511499 264488500
264511499 264488500
264511499 264488500
264511499 264488500
264511499 264488500
264511499 264488500
264511499 264488500
264511499 264488500
tamanho do vetor -> 24000
288011999 287988000
288011999 287988000
288011999 287988000
288011999 287988000
288011999 287988000
288011999 287988000
288011999 287988000
288011999 287988000
288011999 287988000
288011999 287988000
tamanho do vetor -> 25000
312512499 312487500
312512499 312487500
312512499 312487500
312512499 312487500
312512499 312487500
312512499 312487500
312512499 312487500
312512499 312487500
312512499 312487500
312512499 312487500
tamanho do vetor -> 26000
338012999 337987000
338012999 337987000
338012999 337987000
338012999 337987000
338012999 337987000
338012999 337987000
338012999 337987000
338012999 337987000
338012999 337987000
338012999 337987000
tamanho do vetor -> 27000
364513499 364486500
364513499 364486500
364513499 364486500
364513499 364486500
364513499 364486500
364513499 364486500
364513499 364486500
364513499 364486500
364513499 364486500
364513499 364486500
tamanho do vetor -> 28000
392013999 391986000
392013999 391986000
392013999 391986000
392013999 391986000
392013999 391986000
392013999 391986000
392013999 391986000
392013999 391986000
392013999 391986000
392013999 391986000
tamanho do vetor -> 29000
420514499 420485500
420514499 420485500
420514499 420485500
420514499 420485500
420514499 420485500
420514499 420485500
420514499 420485500
420514499 420485500
420514499 420485500
420514499 420485500
tamanho do vetor -> 30000
450014999 449985000
450014999 449985000
450014999 449985000
450014999 449985000
450014999 449985000
450014999 449985000
450014999 449985000
450014999 449985000
450014999 449985000
450014999 449985000
tamanho do vetor -> 31000
480515499 480484500
480515499 480484500
480515499 480484500
480515499 480484500
480515499 480484500
480515499 480484500
480515499 480484500
480515499 480484500
480515499 480484500
480515499 480484500
tamanho do vetor -> 32000
512015999 511984000
512015999 511984000
512015999 511984000
512015999 511984000
512015999 511984000
512015999 511984000
512015999 511984000
512015999 511984000
512015999 511984000
512015999 511984000
tamanho do vetor -> 33000
544516499 544483500
544516499 544483500
544516499 544483500
544516499 544483500
544516499 544483500
544516499 544483500
544516499 544483500
544516499 544483500
544516499 544483500
544516499 544483500
tamanho do vetor -> 34000
578016999 577983000
578016999 577983000
578016999 577983000
578016999 577983000
578016999 577983000
578016999 577983000
578016999 577983000
578016999 577983000
578016999 577983000
578016999 577983000
tamanho do vetor -> 35000
612517499 612482500
612517499 612482500
612517499 612482500
612517499 612482500
612517499 612482500
612517499 612482500
612517499 612482500
612517499 612482500
612517499 612482500
612517499 612482500
tamanho do vetor -> 36000
648017999 647982000
648017999 647982000
648017999 647982000
648017999 647982000
648017999 647982000
648017999 647982000
648017999 647982000
648017999 647982000
648017999 647982000
648017999 647982000
tamanho do vetor -> 37000
684518499 684481500
684518499 684481500
684518499 684481500
684518499 684481500
684518499 684481500
684518499 684481500
684518499 684481500
684518499 684481500
684518499 684481500
684518499 684481500
tamanho do vetor -> 38000
722018999 721981000
722018999 721981000
722018999 721981000
722018999 721981000
722018999 721981000
722018999 721981000
722018999 721981000
722018999 721981000
722018999 721981000
722018999 721981000
tamanho do vetor -> 39000
760519499 760480500
760519499 760480500
760519499 760480500
760519499 760480500
760519499 760480500
760519499 760480500
760519499 760480500
760519499 760480500
760519499 760480500
760519499 760480500
tamanho do vetor -> 40000
800019999 799980000
800019999 799980000
800019999 799980000
800019999 799980000
800019999 799980000
800019999 799980000
800019999 799980000
800019999 799980000
800019999 799980000
800019999 799980000
tamanho do vetor -> 41000
840520499 840479500
840520499 840479500
840520499 840479500
840520499 840479500
840520499 840479500
840520499 840479500
840520499 840479500
840520499 840479500
840520499 840479500
840520499 840479500
tamanho do vetor -> 42000
882020999 881979000
882020999 881979000
882020999 881979000
882020999 881979000
882020999 881979000
882020999 881979000
882020999 881979000
882020999 881979000
882020999 881979000
882020999 881979000
tamanho do vetor -> 43000
924521499 924478500
924521499 924478500
924521499 924478500
924521499 924478500
924521499 924478500
924521499 924478500
924521499 924478500
924521499 924478500
924521499 924478500
924521499 924478500
tamanho do vetor -> 44000
968021999 967978000
968021999 967978000
968021999 967978000
968021999 967978000
968021999 967978000
968021999 967978000
968021999 967978000
968021999 967978000
968021999 967978000
968021999 967978000
tamanho do vetor -> 45000
1012522499 1012477500
1012522499 1012477500
1012522499 1012477500
1012522499 1012477500
1012522499 1012477500
1012522499 1012477500
1012522499 1012477500
1012522499 1012477500
1012522499 1012477500
1012522499 1012477500
tamanho do vetor -> 46000
1058022999 1057977000
1058022999 1057977000
1058022999 1057977000
1058022999 1057977000
1058022999 1057977000
1058022999 1057977000
1058022999 1057977000
1058022999 1057977000
1058022999 1057977000
1058022999 1057977000
tamanho do vetor -> 47000
1104523499 1104476500
1104523499 1104476500
1104523499 1104476500
1104523499 1104476500
1104523499 1104476500
1104523499 1104476500
1104523499 1104476500
1104523499 1104476500
1104523499 1104476500
1104523499 1104476500
tamanho do vetor -> 48000
1152023999 1151976000
1152023999 1151976000
1152023999 1151976000
1152023999 1151976000
1152023999 1151976000
1152023999 1151976000
1152023999 1151976000
1152023999 1151976000
1152023999 1151976000
1152023999 1151976000
tamanho do vetor -> 49000
1200524499 1200475500
1200524499 1200475500
1200524499 1200475500
1200524499 1200475500
1200524499 1200475500
1200524499 1200475500
1200524499 1200475500
1200524499 1200475500
1200524499 1200475500
1200524499 1200475500
tamanho do vetor -> 50000
1250024999 1249975000
1250024999 1249975000
1250024999 1249975000
1250024999 1249975000
1250024999 1249975000
1250024999 1249975000
1250024999 1249975000
1250024999 1249975000
1250024999 1249975000
1250024999 1249975000
