tamanho do vetor -> 1000
499500 0
499500 0
499500 0
499500 0
499500 0
499500 0
499500 0
499500 0
499500 0
499500 0
tamanho do vetor -> 2000
1999000 0
1999000 0
1999000 0
1999000 0
1999000 0
1999000 0
1999000 0
1999000 0
1999000 0
1999000 0
tamanho do vetor -> 3000
4498500 0
4498500 0
4498500 0
4498500 0
4498500 0
4498500 0
4498500 0
4498500 0
4498500 0
4498500 0
tamanho do vetor -> 4000
7998000 0
7998000 0
7998000 0
7998000 0
7998000 0
7998000 0
7998000 0
7998000 0
7998000 0
7998000 0
tamanho do vetor -> 5000
12497500 0
12497500 0
12497500 0
12497500 0
12497500 0
12497500 0
12497500 0
12497500 0
12497500 0
12497500 0
tamanho do vetor -> 6000
17997000 0
17997000 0
17997000 0
17997000 0
17997000 0
17997000 0
17997000 0
17997000 0
17997000 0
17997000 0
tamanho do vetor -> 7000
24496500 0
24496500 0
24496500 0
24496500 0
24496500 0
24496500 0
24496500 0
24496500 0
24496500 0
24496500 0
tamanho do vetor -> 8000
31996000 0
31996000 0
31996000 0
31996000 0
31996000 0
31996000 0
31996000 0
31996000 0
31996000 0
31996000 0
tamanho do vetor -> 9000
40495500 0
40495500 0
40495500 0
40495500 0
40495500 0
40495500 0
40495500 0
40495500 0
40495500 0
40495500 0
tamanho do vetor -> 10000
49995000 0
49995000 0
49995000 0
49995000 0
49995000 0
49995000 0
49995000 0
49995000 0
49995000 0
49995000 0
tamanho do vetor -> 11000
60494500 0
60494500 0
60494500 0
60494500 0
60494500 0
60494500 0
60494500 0
60494500 0
60494500 0
60494500 0
tamanho do vetor -> 12000
71994000 0
71994000 0
71994000 0
71994000 0
71994000 0
71994000 0
71994000 0
71994000 0
71994000 0
71994000 0
tamanho do vetor -> 13000
84493500 0
84493500 0
84493500 0
84493500 0
84493500 0
84493500 0
84493500 0
84493500 0
84493500 0
84493500 0
tamanho do vetor -> 14000
97993000 0
97993000 0
97993000 0
97993000 0
97993000 0
97993000 0
97993000 0
97993000 0
97993000 0
97993000 0
tamanho do vetor -> 15000
112492500 0
112492500 0
112492500 0
112492500 0
112492500 0
112492500 0
112492500 0
112492500 0
112492500 0
112492500 0
tamanho do vetor -> 16000
127992000 0
127992000 0
127992000 0
127992000 0
127992000 0
127992000 0
127992000 0
127992000 0
127992000 0
127992000 0
tamanho do vetor -> 17000
144491500 0
144491500 0
144491500 0
144491500 0
144491500 0
144491500 0
144491500 0
144491500 0
144491500 0
144491500 0
tamanho do vetor -> 18000
161991000 0
161991000 0
161991000 0
161991000 0
161991000 0
161991000 0
161991000 0
161991000 0
161991000 0
161991000 0
tamanho do vetor -> 19000
180490500 0
180490500 0
180490500 0
180490500 0
180490500 0
180490500 0
180490500 0
180490500 0
180490500 0
180490500 0
tamanho do vetor -> 20000
199990000 0
199990000 0
199990000 0
199990000 0
199990000 0
199990000 0
199990000 0
199990000 0
199990000 0
199990000 0
tamanho do vetor -> 21000
220489500 0
220489500 0
220489500 0
220489500 0
220489500 0
220489500 0
220489500 0
220489500 0
220489500 0
220489500 0
tamanho do vetor -> 22000
241989000 0
241989000 0
241989000 0
241989000 0
241989000 0
241989000 0
241989000 0
241989000 0
241989000 0
241989000 0
tamanho do vetor -> 23000
264488500 0
264488500 0
264488500 0
264488500 0
264488500 0
264488500 0
264488500 0
264488500 0
264488500 0
264488500 0
tamanho do vetor -> 24000
287988000 0
287988000 0
287988000 0
287988000 0
287988000 0
287988000 0
287988000 0
287988000 0
287988000 0
287988000 0
tamanho do vetor -> 25000
312487500 0
312487500 0
312487500 0
312487500 0
312487500 0
312487500 0
312487500 0
312487500 0
312487500 0
312487500 0
tamanho do vetor -> 26000
337987000 0
337987000 0
337987000 0
337987000 0
337987000 0
337987000 0
337987000 0
337987000 0
337987000 0
337987000 0
tamanho do vetor -> 27000
364486500 0
364486500 0
364486500 0
364486500 0
364486500 0
364486500 0
364486500 0
364486500 0
364486500 0
364486500 0
tamanho do vetor -> 28000
391986000 0
391986000 0
391986000 0
391986000 0
391986000 0
391986000 0
391986000 0
391986000 0
391986000 0
391986000 0
tamanho do vetor -> 29000
420485500 0
420485500 0
420485500 0
420485500 0
420485500 0
420485500 0
420485500 0
420485500 0
420485500 0
420485500 0
tamanho do vetor -> 30000
449985000 0
449985000 0
449985000 0
449985000 0
449985000 0
449985000 0
449985000 0
449985000 0
449985000 0
449985000 0
tamanho do vetor -> 31000
480484500 0
480484500 0
480484500 0
480484500 0
480484500 0
480484500 0
480484500 0
480484500 0
480484500 0
480484500 0
tamanho do vetor -> 32000
511984000 0
511984000 0
511984000 0
511984000 0
511984000 0
511984000 0
511984000 0
511984000 0
511984000 0
511984000 0
tamanho do vetor -> 33000
544483500 0
544483500 0
544483500 0
544483500 0
544483500 0
544483500 0
544483500 0
544483500 0
544483500 0
544483500 0
tamanho do vetor -> 34000
577983000 0
577983000 0
577983000 0
577983000 0
577983000 0
577983000 0
577983000 0
577983000 0
577983000 0
577983000 0
tamanho do vetor -> 35000
612482500 0
612482500 0
612482500 0
612482500 0
612482500 0
612482500 0
612482500 0
612482500 0
612482500 0
612482500 0
tamanho do vetor -> 36000
647982000 0
647982000 0
647982000 0
647982000 0
647982000 0
647982000 0
647982000 0
647982000 0
647982000 0
647982000 0
tamanho do vetor -> 37000
684481500 0
684481500 0
684481500 0
684481500 0
684481500 0
684481500 0
684481500 0
684481500 0
684481500 0
684481500 0
tamanho do vetor -> 38000
721981000 0
721981000 0
721981000 0
721981000 0
721981000 0
721981000 0
721981000 0
721981000 0
721981000 0
721981000 0
tamanho do vetor -> 39000
760480500 0
760480500 0
760480500 0
760480500 0
760480500 0
760480500 0
760480500 0
760480500 0
760480500 0
760480500 0
tamanho do vetor -> 40000
799980000 0
799980000 0
799980000 0
799980000 0
799980000 0
799980000 0
799980000 0
799980000 0
799980000 0
799980000 0
tamanho do vetor -> 41000
840479500 0
840479500 0
840479500 0
840479500 0
840479500 0
840479500 0
840479500 0
840479500 0
840479500 0
840479500 0
tamanho do vetor -> 42000
881979000 0
881979000 0
881979000 0
881979000 0
881979000 0
881979000 0
881979000 0
881979000 0
881979000 0
881979000 0
tamanho do vetor -> 43000
924478500 0
924478500 0
924478500 0
924478500 0
924478500 0
924478500 0
924478500 0
924478500 0
924478500 0
924478500 0
tamanho do vetor -> 44000
967978000 0
967978000 0
967978000 0
967978000 0
967978000 0
967978000 0
967978000 0
967978000 0
967978000 0
967978000 0
tamanho do vetor -> 45000
1012477500 0
1012477500 0
1012477500 0
1012477500 0
1012477500 0
1012477500 0
1012477500 0
1012477500 0
1012477500 0
1012477500 0
tamanho do vetor -> 46000
1057977000 0
1057977000 0
1057977000 0
1057977000 0
1057977000 0
1057977000 0
1057977000 0
1057977000 0
1057977000 0
1057977000 0
tamanho do vetor -> 47000
1104476500 0
1104476500 0
1104476500 0
1104476500 0
1104476500 0
1104476500 0
1104476500 0
1104476500 0
1104476500 0
1104476500 0
tamanho do vetor -> 48000
1151976000 0
1151976000 0
1151976000 0
1151976000 0
1151976000 0
1151976000 0
1151976000 0
1151976000 0
1151976000 0
1151976000 0
tamanho do vetor -> 49000
1200475500 0
1200475500 0
1200475500 0
1200475500 0
1200475500 0
1200475500 0
1200475500 0
1200475500 0
1200475500 0
1200475500 0
tamanho do vetor -> 50000
1249975000 0
1249975000 0
1249975000 0
1249975000 0
1249975000 0
1249975000 0
1249975000 0
1249975000 0
1249975000 0
1249975000 0
