tamanho do vetor -> 1000
999 0
999 0
999 0
999 0
999 0
999 0
999 0
999 0
999 0
999 0
tamanho do vetor -> 2000
1999 0
1999 0
1999 0
1999 0
1999 0
1999 0
1999 0
1999 0
1999 0
1999 0
tamanho do vetor -> 3000
2999 0
2999 0
2999 0
2999 0
2999 0
2999 0
2999 0
2999 0
2999 0
2999 0
tamanho do vetor -> 4000
3999 0
3999 0
3999 0
3999 0
3999 0
3999 0
3999 0
3999 0
3999 0
3999 0
tamanho do vetor -> 5000
4999 0
4999 0
4999 0
4999 0
4999 0
4999 0
4999 0
4999 0
4999 0
4999 0
tamanho do vetor -> 6000
5999 0
5999 0
5999 0
5999 0
5999 0
5999 0
5999 0
5999 0
5999 0
5999 0
tamanho do vetor -> 7000
6999 0
6999 0
6999 0
6999 0
6999 0
6999 0
6999 0
6999 0
6999 0
6999 0
tamanho do vetor -> 8000
7999 0
7999 0
7999 0
7999 0
7999 0
7999 0
7999 0
7999 0
7999 0
7999 0
tamanho do vetor -> 9000
8999 0
8999 0
8999 0
8999 0
8999 0
8999 0
8999 0
8999 0
8999 0
8999 0
tamanho do vetor -> 10000
9999 0
9999 0
9999 0
9999 0
9999 0
9999 0
9999 0
9999 0
9999 0
9999 0
tamanho do vetor -> 11000
10999 0
10999 0
10999 0
10999 0
10999 0
10999 0
10999 0
10999 0
10999 0
10999 0
tamanho do vetor -> 12000
11999 0
11999 0
11999 0
11999 0
11999 0
11999 0
11999 0
11999 0
11999 0
11999 0
tamanho do vetor -> 13000
12999 0
12999 0
12999 0
12999 0
12999 0
12999 0
12999 0
12999 0
12999 0
12999 0
tamanho do vetor -> 14000
13999 0
13999 0
13999 0
13999 0
13999 0
13999 0
13999 0
13999 0
13999 0
13999 0
tamanho do vetor -> 15000
14999 0
14999 0
14999 0
14999 0
14999 0
14999 0
14999 0
14999 0
14999 0
14999 0
tamanho do vetor -> 16000
15999 0
15999 0
15999 0
15999 0
15999 0
15999 0
15999 0
15999 0
15999 0
15999 0
tamanho do vetor -> 17000
16999 0
16999 0
16999 0
16999 0
16999 0
16999 0
16999 0
16999 0
16999 0
16999 0
tamanho do vetor -> 18000
17999 0
17999 0
17999 0
17999 0
17999 0
17999 0
17999 0
17999 0
17999 0
17999 0
tamanho do vetor -> 19000
18999 0
18999 0
18999 0
18999 0
18999 0
18999 0
18999 0
18999 0
18999 0
18999 0
tamanho do vetor -> 20000
19999 0
19999 0
19999 0
19999 0
19999 0
19999 0
19999 0
19999 0
19999 0
19999 0
tamanho do vetor -> 21000
20999 0
20999 0
20999 0
20999 0
20999 0
20999 0
20999 0
20999 0
20999 0
20999 0
tamanho do vetor -> 22000
21999 0
21999 0
21999 0
21999 0
21999 0
21999 0
21999 0
21999 0
21999 0
21999 0
tamanho do vetor -> 23000
22999 0
22999 0
22999 0
22999 0
22999 0
22999 0
22999 0
22999 0
22999 0
22999 0
tamanho do vetor -> 24000
23999 0
23999 0
23999 0
23999 0
23999 0
23999 0
23999 0
23999 0
23999 0
23999 0
tamanho do vetor -> 25000
24999 0
24999 0
24999 0
24999 0
24999 0
24999 0
24999 0
24999 0
24999 0
24999 0
tamanho do vetor -> 26000
25999 0
25999 0
25999 0
25999 0
25999 0
25999 0
25999 0
25999 0
25999 0
25999 0
tamanho do vetor -> 27000
26999 0
26999 0
26999 0
26999 0
26999 0
26999 0
26999 0
26999 0
26999 0
26999 0
tamanho do vetor -> 28000
27999 0
27999 0
27999 0
27999 0
27999 0
27999 0
27999 0
27999 0
27999 0
27999 0
tamanho do vetor -> 29000
28999 0
28999 0
28999 0
28999 0
28999 0
28999 0
28999 0
28999 0
28999 0
28999 0
tamanho do vetor -> 30000
29999 0
29999 0
29999 0
29999 0
29999 0
29999 0
29999 0
29999 0
29999 0
29999 0
tamanho do vetor -> 31000
30999 0
30999 0
30999 0
30999 0
30999 0
30999 0
30999 0
30999 0
30999 0
30999 0
tamanho do vetor -> 32000
31999 0
31999 0
31999 0
31999 0
31999 0
31999 0
31999 0
31999 0
31999 0
31999 0
tamanho do vetor -> 33000
32999 0
32999 0
32999 0
32999 0
32999 0
32999 0
32999 0
32999 0
32999 0
32999 0
tamanho do vetor -> 34000
33999 0
33999 0
33999 0
33999 0
33999 0
33999 0
33999 0
33999 0
33999 0
33999 0
tamanho do vetor -> 35000
34999 0
34999 0
34999 0
34999 0
34999 0
34999 0
34999 0
34999 0
34999 0
34999 0
tamanho do vetor -> 36000
35999 0
35999 0
35999 0
35999 0
35999 0
35999 0
35999 0
35999 0
35999 0
35999 0
tamanho do vetor -> 37000
36999 0
36999 0
36999 0
36999 0
36999 0
36999 0
36999 0
36999 0
36999 0
36999 0
tamanho do vetor -> 38000
37999 0
37999 0
37999 0
37999 0
37999 0
37999 0
37999 0
37999 0
37999 0
37999 0
tamanho do vetor -> 39000
38999 0
38999 0
38999 0
38999 0
38999 0
38999 0
38999 0
38999 0
38999 0
38999 0
tamanho do vetor -> 40000
39999 0
39999 0
39999 0
39999 0
39999 0
39999 0
39999 0
39999 0
39999 0
39999 0
tamanho do vetor -> 41000
40999 0
40999 0
40999 0
40999 0
40999 0
40999 0
40999 0
40999 0
40999 0
40999 0
tamanho do vetor -> 42000
41999 0
41999 0
41999 0
41999 0
41999 0
41999 0
41999 0
41999 0
41999 0
41999 0
tamanho do vetor -> 43000
42999 0
42999 0
42999 0
42999 0
42999 0
42999 0
42999 0
42999 0
42999 0
42999 0
tamanho do vetor -> 44000
43999 0
43999 0
43999 0
43999 0
43999 0
43999 0
43999 0
43999 0
43999 0
43999 0
tamanho do vetor -> 45000
44999 0
44999 0
44999 0
44999 0
44999 0
44999 0
44999 0
44999 0
44999 0
44999 0
tamanho do vetor -> 46000
45999 0
45999 0
45999 0
45999 0
45999 0
45999 0
45999 0
45999 0
45999 0
45999 0
tamanho do vetor -> 47000
46999 0
46999 0
46999 0
46999 0
46999 0
46999 0
46999 0
46999 0
46999 0
46999 0
tamanho do vetor -> 48000
47999 0
47999 0
47999 0
47999 0
47999 0
47999 0
47999 0
47999 0
47999 0
47999 0
tamanho do vetor -> 49000
48999 0
48999 0
48999 0
48999 0
48999 0
48999 0
48999 0
48999 0
48999 0
48999 0
tamanho do vetor -> 50000
49999 0
49999 0
49999 0
49999 0
49999 0
49999 0
49999 0
49999 0
49999 0
49999 0
