tamanho do vetor -> 1000
499500 999
499500 999
499500 999
499500 999
499500 999
499500 999
499500 999
499500 999
499500 999
499500 999
tamanho do vetor -> 2000
1999000 1999
1999000 1999
1999000 1999
1999000 1999
1999000 1999
1999000 1999
1999000 1999
1999000 1999
1999000 1999
1999000 1999
tamanho do vetor -> 3000
4498500 2999
4498500 2999
4498500 2999
4498500 2999
4498500 2999
4498500 2999
4498500 2999
4498500 2999
4498500 2999
4498500 2999
tamanho do vetor -> 4000
7998000 3999
7998000 3999
7998000 3999
7998000 3999
7998000 3999
7998000 3999
7998000 3999
7998000 3999
7998000 3999
7998000 3999
tamanho do vetor -> 5000
12497500 4999
12497500 4999
12497500 4999
12497500 4999
12497500 4999
12497500 4999
12497500 4999
12497500 4999
12497500 4999
12497500 4999
tamanho do vetor -> 6000
17997000 5999
17997000 5999
17997000 5999
17997000 5999
17997000 5999
17997000 5999
17997000 5999
17997000 5999
17997000 5999
17997000 5999
tamanho do vetor -> 7000
24496500 6999
24496500 6999
24496500 6999
24496500 6999
24496500 6999
24496500 6999
24496500 6999
24496500 6999
24496500 6999
24496500 6999
tamanho do vetor -> 8000
31996000 7999
31996000 7999
31996000 7999
31996000 7999
31996000 7999
31996000 7999
31996000 7999
31996000 7999
31996000 7999
31996000 7999
tamanho do vetor -> 9000
40495500 8999
40495500 8999
40495500 8999
40495500 8999
40495500 8999
40495500 8999
40495500 8999
40495500 8999
40495500 8999
40495500 8999
tamanho do vetor -> 10000
49995000 9999
49995000 9999
49995000 9999
49995000 9999
49995000 9999
49995000 9999
49995000 9999
49995000 9999
49995000 9999
49995000 9999
tamanho do vetor -> 11000
60494500 10999
60494500 10999
60494500 10999
60494500 10999
60494500 10999
60494500 10999
60494500 10999
60494500 10999
60494500 10999
60494500 10999
tamanho do vetor -> 12000
71994000 11999
71994000 11999
71994000 11999
71994000 11999
71994000 11999
71994000 11999
71994000 11999
71994000 11999
71994000 11999
71994000 11999
tamanho do vetor -> 13000
84493500 12999
84493500 12999
84493500 12999
84493500 12999
84493500 12999
84493500 12999
84493500 12999
84493500 12999
84493500 12999
84493500 12999
tamanho do vetor -> 14000
97993000 13999
97993000 13999
97993000 13999
97993000 13999
97993000 13999
97993000 13999
97993000 13999
97993000 13999
97993000 13999
97993000 13999
tamanho do vetor -> 15000
112492500 14999
112492500 14999
112492500 14999
112492500 14999
112492500 14999
112492500 14999
112492500 14999
112492500 14999
112492500 14999
112492500 14999
tamanho do vetor -> 16000
127992000 15999
127992000 15999
127992000 15999
127992000 15999
127992000 15999
127992000 15999
127992000 15999
127992000 15999
127992000 15999
127992000 15999
tamanho do vetor -> 17000
144491500 16999
144491500 16999
144491500 16999
144491500 16999
144491500 16999
144491500 16999
144491500 16999
144491500 16999
144491500 16999
144491500 16999
tamanho do vetor -> 18000
161991000 17999
161991000 17999
161991000 17999
161991000 17999
161991000 17999
161991000 17999
161991000 17999
161991000 17999
161991000 17999
161991000 17999
tamanho do vetor -> 19000
180490500 18999
180490500 18999
180490500 18999
180490500 18999
180490500 18999
180490500 18999
180490500 18999
180490500 18999
180490500 18999
180490500 18999
tamanho do vetor -> 20000
199990000 19999
199990000 19999
199990000 19999
199990000 19999
199990000 19999
199990000 19999
199990000 19999
199990000 19999
199990000 19999
199990000 19999
tamanho do vetor -> 21000
220489500 20999
220489500 20999
220489500 20999
220489500 20999
220489500 20999
220489500 20999
220489500 20999
220489500 20999
220489500 20999
220489500 20999
tamanho do vetor -> 22000
241989000 21999
241989000 21999
241989000 21999
241989000 21999
241989000 21999
241989000 21999
241989000 21999
241989000 21999
241989000 21999
241989000 21999
tamanho do vetor -> 23000
264488500 22999
264488500 22999
264488500 22999
264488500 22999
264488500 22999
264488500 22999
264488500 22999
264488500 22999
264488500 22999
264488500 22999
tamanho do vetor -> 24000
287988000 23999
287988000 23999
287988000 23999
287988000 23999
287988000 23999
287988000 23999
287988000 23999
287988000 23999
287988000 23999
287988000 23999
tamanho do vetor -> 25000
312487500 24999
312487500 24999
312487500 24999
312487500 24999
312487500 24999
312487500 24999
312487500 24999
312487500 24999
312487500 24999
312487500 24999
tamanho do vetor -> 26000
337987000 25999
337987000 25999
337987000 25999
337987000 25999
337987000 25999
337987000 25999
337987000 25999
337987000 25999
337987000 25999
337987000 25999
tamanho do vetor -> 27000
364486500 26999
364486500 26999
364486500 26999
364486500 26999
364486500 26999
364486500 26999
364486500 26999
364486500 26999
364486500 26999
364486500 26999
tamanho do vetor -> 28000
391986000 27999
391986000 27999
391986000 27999
391986000 27999
391986000 27999
391986000 27999
391986000 27999
391986000 27999
391986000 27999
391986000 27999
tamanho do vetor -> 29000
420485500 28999
420485500 28999
420485500 28999
420485500 28999
420485500 28999
420485500 28999
420485500 28999
420485500 28999
420485500 28999
420485500 28999
tamanho do vetor -> 30000
449985000 29999
449985000 29999
449985000 29999
449985000 29999
449985000 29999
449985000 29999
449985000 29999
449985000 29999
449985000 29999
449985000 29999
tamanho do vetor -> 31000
480484500 30999
480484500 30999
480484500 30999
480484500 30999
480484500 30999
480484500 30999
480484500 30999
480484500 30999
480484500 30999
480484500 30999
tamanho do vetor -> 32000
511984000 31999
511984000 31999
511984000 31999
511984000 31999
511984000 31999
511984000 31999
511984000 31999
511984000 31999
511984000 31999
511984000 31999
tamanho do vetor -> 33000
544483500 32999
544483500 32999
544483500 32999
544483500 32999
544483500 32999
544483500 32999
544483500 32999
544483500 32999
544483500 32999
544483500 32999
tamanho do vetor -> 34000
577983000 33999
577983000 33999
577983000 33999
577983000 33999
577983000 33999
577983000 33999
577983000 33999
577983000 33999
577983000 33999
577983000 33999
tamanho do vetor -> 35000
612482500 34999
612482500 34999
612482500 34999
612482500 34999
612482500 34999
612482500 34999
612482500 34999
612482500 34999
612482500 34999
612482500 34999
tamanho do vetor -> 36000
647982000 35999
647982000 35999
647982000 35999
647982000 35999
647982000 35999
647982000 35999
647982000 35999
647982000 35999
647982000 35999
647982000 35999
tamanho do vetor -> 37000
684481500 36999
684481500 36999
684481500 36999
684481500 36999
684481500 36999
684481500 36999
684481500 36999
684481500 36999
684481500 36999
684481500 36999
tamanho do vetor -> 38000
721981000 37999
721981000 37999
721981000 37999
721981000 37999
721981000 37999
721981000 37999
721981000 37999
721981000 37999
721981000 37999
721981000 37999
tamanho do vetor -> 39000
760480500 38999
760480500 38999
760480500 38999
760480500 38999
760480500 38999
760480500 38999
760480500 38999
760480500 38999
760480500 38999
760480500 38999
tamanho do vetor -> 40000
799980000 39999
799980000 39999
799980000 39999
799980000 39999
799980000 39999
799980000 39999
799980000 39999
799980000 39999
799980000 39999
799980000 39999
tamanho do vetor -> 41000
840479500 40999
840479500 40999
840479500 40999
840479500 40999
840479500 40999
840479500 40999
840479500 40999
840479500 40999
840479500 40999
840479500 40999
tamanho do vetor -> 42000
881979000 41999
881979000 41999
881979000 41999
881979000 41999
881979000 41999
881979000 41999
881979000 41999
881979000 41999
881979000 41999
881979000 41999
tamanho do vetor -> 43000
924478500 42999
924478500 42999
924478500 42999
924478500 42999
924478500 42999
924478500 42999
924478500 42999
924478500 42999
924478500 42999
924478500 42999
tamanho do vetor -> 44000
967978000 43999
967978000 43999
967978000 43999
967978000 43999
967978000 43999
967978000 43999
967978000 43999
967978000 43999
967978000 43999
967978000 43999
tamanho do vetor -> 45000
1012477500 44999
1012477500 44999
1012477500 44999
1012477500 44999
1012477500 44999
1012477500 44999
1012477500 44999
1012477500 44999
1012477500 44999
1012477500 44999
tamanho do vetor -> 46000
1057977000 45999
1057977000 45999
1057977000 45999
1057977000 45999
1057977000 45999
1057977000 45999
1057977000 45999
1057977000 45999
1057977000 45999
1057977000 45999
tamanho do vetor -> 47000
1104476500 46999
1104476500 46999
1104476500 46999
1104476500 46999
1104476500 46999
1104476500 46999
1104476500 46999
1104476500 46999
1104476500 46999
1104476500 46999
tamanho do vetor -> 48000
1151976000 47999
1151976000 47999
1151976000 47999
1151976000 47999
1151976000 47999
1151976000 47999
1151976000 47999
1151976000 47999
1151976000 47999
1151976000 47999
tamanho do vetor -> 49000
1200475500 48999
1200475500 48999
1200475500 48999
1200475500 48999
1200475500 48999
1200475500 48999
1200475500 48999
1200475500 48999
1200475500 48999
1200475500 48999
tamanho do vetor -> 50000
1249975000 49999
1249975000 49999
1249975000 49999
1249975000 49999
1249975000 49999
1249975000 49999
1249975000 49999
1249975000 49999
1249975000 49999
1249975000 49999
